DATA SET TITLE=Toolik Snowfence Experiment: 2002 Plant phenology 																		
"PI/DATA CONTACT=Marilyn Walker (University of Alaska, USFS/PNW)"																		
DATA COVERAGE=START: 20020522; STOP: 20020826																		
"LOCATION=Toolik Field Station (68.62710 N, 149.59322 W)"																		
"DATA VERSION=1.0 (17 January, 2003), PRELIMINARY"																		
REMARKS=Part of the International Tundra Experiment Network (ITEX)																		
"REMARKS=Missing data and empty cells=""-9999""; Aborted=""AAA"""																		
REMARKS=See associated species file (USTOOLIK_specieslist.txt) for species code definitions																		

SITE	YEAR	LOCATION	ZONE	PLOT	TREATMENT	SPECIES_CODE	FIRST_SNOWFREE_DAY	FIRST_LEAF_EVIDENT 	FIRST_FLOWER_BUD 	FIRST_FLOWER_OPEN 	FIRST_PETAL_DROP	LAST_PETAL_DROP 	FIRST_SEED_DISPERSAL 	SECOND_SEED_DISPERSAL	FIRST_COLOR_CHANGE	LAST_COLOR_CHANGE		
	 	 	 	 	 	 										 	 	 
USTOOLIK	2002	DRY	0	1	OTC	DRYOCT	142	-9999	149	156	165	165	-9999	-9999	207	-9999		
USTOOLIK	2002	DRY	0	1	OTC	VACVIT	142	-9999	154	168	180	191	-9999	-9999	212	-9999		
USTOOLIK	2002	DRY	0	1	OTC	LOIPRO	142	-9999	-9999	151	158	170	203	-9999	191	-9999		
USTOOLIK	2002	DRY	0	1	OTC	DIALAP	142	-9999	-9999	168	-9999	-9999	-9999	-9999	189	-9999		
USTOOLIK	2002	DRY	0	1	OTC	ARCALP	142	-9999	-9999	-9999	-9999	-9999	-9999	-9999	191	232		
USTOOLIK	2002	DRY	0	1	OTC	SALPHL	142	-9999	-9999	-9999	-9999	-9999	-9999	-9999	207	238
USTOOLIK	2002	DRY	0	2	OTC	DRYOCT	142	-9999	151	158	165	165	203	210	189	-9999
USTOOLIK	2002	DRY	0	2	OTC	VACVIT	142	-9999	154	175	180	189	-9999	-9999	212	-9999
USTOOLIK	2002	DRY	0	2	OTC	LOIPRO	142	-9999	-9999	151	161	170	207	-9999	189	-9999
USTOOLIK	2002	DRY	0	2	OTC	DIALAP	142	-9999	-9999	158	165	170	-9999	-9999	189	-9999
USTOOLIK	2002	DRY	0	2	OTC	ARCALP	142	-9999	-9999	-9999	158	-9999	-9999	-9999	191	232
USTOOLIK	2002	DRY	0	2	OTC	SALPHL	142	-9999	-9999	-9999	-9999	-9999	-9999	-9999	207	-9999
USTOOLIK	2002	DRY	0	3	CTL	DRYOCT	142	-9999	156	158	165	170	180	207	191	-9999
USTOOLIK	2002	DRY	0	3	CTL	VACVIT	142	-9999	149	170	185	203	235	-9999	212	-9999
USTOOLIK	2002	DRY	0	3	CTL	LOIPRO	142	-9999	-9999	151	161	170	203	-9999	189	-9999
USTOOLIK	2002	DRY	0	3	CTL	ARCALP	142	-9999	-9999	-9999	158	-9999	-9999	-9999	189	232
USTOOLIK	2002	DRY	0	3	CTL	SALPHL	142	-9999	-9999	-9999	-9999	-9999	-9999	-9999	219	235
USTOOLIK	2002	DRY	0	6	OTC	DRYOCT	142	-9999	151	156	161	168	205	212	205	-9999
USTOOLIK	2002	DRY	0	6	OTC	VACVIT	142	-9999	151	168	189	189	235	-9999	212	-9999
USTOOLIK	2002	DRY	0	6	OTC	ARCALP	142	-9999	-9999	-9999	158	-9999	-9999	-9999	191	232
USTOOLIK	2002	DRY	0	6	OTC	SALPHL	142	-9999	-9999	-9999	-9999	-9999	-9999	-9999	207	238
USTOOLIK	2002	DRY	0	8	CTL	DRYOCT	142	149	156	158	161	165	182	-9999	189	-9999
USTOOLIK	2002	DRY	0	8	CTL	VACVIT	142	-9999	154	175	185	192	235	-9999	212	-9999
USTOOLIK	2002	DRY	0	8	CTL	ARCALP	142	-9999	-9999	151	158	-9999	-9999	-9999	189	232
USTOOLIK	2002	DRY	0	8	CTL	SALPHL	142	151	-9999	-9999	-9999	-9999	-9999	-9999	210	238
USTOOLIK	2002	DRY	0	9	CTL	DRYOCT	142	-9999	158	170	-9999	-9999	-9999	-9999	189	-9999
USTOOLIK	2002	DRY	0	9	CTL	VACVIT	142	-9999	161	-9999	-9999	-9999	-9999	-9999	212	-9999
USTOOLIK	2002	DRY	0	9	CTL	LOIPRO	142	-9999	-9999	154	161	170	210	-9999	189	-9999
USTOOLIK	2002	DRY	0	9	CTL	ARCALP	142	-9999	-9999	-9999	158	-9999	-9999	-9999	189	232
USTOOLIK	2002	DRY	0	9	CTL	SALPHL	142	-9999	-9999	-9999	-9999	-9999	-9999	-9999	207	238
USTOOLIK	2002	DRY	1	17	OTC	DRYOCT	153	156	168	177	180	185	-9999	-9999	207	-9999
USTOOLIK	2002	DRY	1	17	OTC	VACVIT	153	154	170	203	210	212	238	-9999	212	-9999
USTOOLIK	2002	DRY	1	17	OTC	LOIPRO	153	154	156	170	175	198	210	-9999	207	-9999
USTOOLIK	2002	DRY	1	17	OTC	DIALAP	153	154	156	168	172	179	-9999	-9999	207	-9999
USTOOLIK	2002	DRY	1	17	OTC	ARCALP	153	156	161	165	170	179	-9999	-9999	207	232
USTOOLIK	2002	DRY	1	17	OTC	SALPHL	153	158	-9999	-9999	-9999	-9999	-9999	-9999	224	235
USTOOLIK	2002	DRY	1	19	CTL	DRYOCT	144	151	163	170	177	185	-9999	-9999	207	-9999
USTOOLIK	2002	DRY	1	19	CTL	VACVIT	144	-9999	156	191	205	207	238	-9999	212	-9999
USTOOLIK	2002	DRY	1	19	CTL	LOIPRO	144	-9999	151	168	170	185	203	-9999	189	-9999
USTOOLIK	2002	DRY	1	19	CTL	DIALAP	144	-9999	151	168	170	179	-9999	-9999	189	-9999
USTOOLIK	2002	DRY	1	19	CTL	SALPHL	144	154	-9999	-9999	-9999	-9999	-9999	-9999	224	-9999
USTOOLIK	2002	DRY	1	21	CTL	DRYOCT	153	156	-9999	-9999	-9999	-9999	-9999	-9999	207	-9999
USTOOLIK	2002	DRY	1	21	CTL	VACVIT	153	154	170	200	205	219	-9999	-9999	212	-9999
USTOOLIK	2002	DRY	1	21	CTL	LOIPRO	153	154	156	170	180	200	210	-9999	207	-9999
USTOOLIK	2002	DRY	1	21	CTL	DIALAP	153	156	156	170	177	179	-9999	-9999	189	-9999
USTOOLIK	2002	DRY	1	21	CTL	SALPHL	153	158	-9999	-9999	-9999	-9999	-9999	-9999	219	238
USTOOLIK	2002	DRY	1	23	OTC	DRYOCT	158	156	170	177	185	189	-9999	-9999	207	238
USTOOLIK	2002	DRY	1	23	OTC	VACVIT	156	156	-9999	-9999	-9999	-9999	-9999	-9999	212	-9999
USTOOLIK	2002	DRY	1	23	OTC	LOIPRO	156	156	161	175	180	198	210	-9999	205	-9999
USTOOLIK	2002	DRY	1	23	OTC	DIALAP	156	156	156	172	180	185		-9999	207	-9999
USTOOLIK	2002	DRY	1	23	OTC	ARCALP	156	158	165	168	177	179	-9999	-9999	207	232
USTOOLIK	2002	DRY	1	26	OTC	DRYOCT	150	151	-9999	-9999	-9999	-9999	-9999	-9999	207	-9999
USTOOLIK	2002	DRY	1	26	OTC	VACVIT	150	-9999	170	200	207	207	-9999	-9999	212	-9999
USTOOLIK	2002	DRY	1	26	OTC	LOIPRO	150	-9999	151	168	175	198	210	-9999	207	-9999
USTOOLIK	2002	DRY	1	26	OTC	DIALAP	150	151	154	168	175	179	-9999	-9999	207	-9999
USTOOLIK	2002	DRY	1	26	OTC	ARCALP	150	151	158	161	175	175	-9999	-9999	205	232
USTOOLIK	2002	DRY	1	26	OTC	SALPHL	150	156	-9999	-9999	-9999	-9999	-9999	-9999	224	238
USTOOLIK	2002	DRY	1	31	CTL	DRYOCT	144	149	158	170	177	182	205	-9999	207	-9999
USTOOLIK	2002	DRY	1	31	CTL	VACVIT	144	-9999	163	189	200	205	235	-9999	212	-9999
USTOOLIK	2002	DRY	1	31	CTL	LOIPRO	144	-9999	151	164	170	198	210	-9999	189	-9999
USTOOLIK	2002	DRY	1	31	CTL	DIALAP	144	-9999	151	168	175	179	-9999	-9999	191	-9999
USTOOLIK	2002	DRY	1	31	CTL	ARCALP	144	151	158	161	165	177	-9999	-9999	189	232
USTOOLIK	2002	DRY	1	31	CTL	SALPHL	144	149	154	164	-9999	-9999	-9999	-9999	210	238
USTOOLIK	2002	DRY	2	33	OTC	DRYOCT	158	163	177	185	193	193	-9999	-9999	207	-9999
USTOOLIK	2002	DRY	2	33	OTC	VACVIT	158	158	189	203	217	224	-9999	-9999	210	-9999
USTOOLIK	2002	DRY	2	33	OTC	LOIPRO	158	158	165	180	185	203	-9999	-9999	207	-9999
USTOOLIK	2002	DRY	2	33	OTC	DIALAP	158	158	170	180	185	189	-9999	-9999	210	-9999
USTOOLIK	2002	DRY	2	33	OTC	SALPHL	158	168	-9999	-9999	-9999	-9999	-9999	-9999	217	-9999
USTOOLIK	2002	DRY	2	34	CTL	DRYOCT	159	165	180	191	196	203	205	217	207	238
USTOOLIK	2002	DRY	2	34	CTL	VACVIT	159	161	-9999	-9999	-9999	-9999	-9999	-9999	210	-9999
USTOOLIK	2002	DRY	2	34	CTL	LOIPRO	159	161	165	180	196	205	238	-9999	207	-9999
USTOOLIK	2002	DRY	2	34	CTL	DIALAP	159	163	168	180	185	198	-9999	-9999	210	-9999
USTOOLIK	2002	DRY	2	34	CTL	SALPHL	159	165	-9999	-9999	-9999	-9999	-9999	-9999	224	-9999
USTOOLIK	2002	DRY	2	35	OTC	DRYOCT	159	163	172	180	185	189	-9999	-9999	207	-9999
USTOOLIK	2002	DRY	2	35	OTC	VACVIT	159	161	189	198	205	210	-9999	-9999	212	-9999
USTOOLIK	2002	DRY	2	35	OTC	LOIPRO	159	161	165	180	185	205	235	-9999	207	-9999
USTOOLIK	2002	DRY	2	35	OTC	DIALAP	159	168	-9999	-9999	-9999	-9999	-9999	-9999	219	-9999
USTOOLIK	2002	DRY	2	35	OTC	ARCALP	159	165	168	170	180	185	-9999	-9999	207	235
USTOOLIK	2002	DRY	2	36	OTC	DRYOCT	159	165	-9999	-9999	-9999	-9999	-9999	-9999	217	-9999
USTOOLIK	2002	DRY	2	36	OTC	VACVIT	159	161	191	203	210	219	-9999	-9999	212	-9999
USTOOLIK	2002	DRY	2	36	OTC	LOIPRO	159	161	165	180	185	198	235	-9999	210	-9999
USTOOLIK	2002	DRY	2	36	OTC	DIALAP	159	168	177	180	185	185	-9999	-9999	224	-9999
USTOOLIK	2002	DRY	2	36	OTC	ARCALP	159	168	168	172	177	193	-9999	-9999	221	232
USTOOLIK	2002	DRY	2	36	OTC	SALPHL	159	165	-9999	-9999	-9999	-9999	-9999	-9999	207	235
USTOOLIK	2002	DRY	2	37	CTL	DRYOCT	159	161	177	191	198	203	217	-9999	217	-9999
USTOOLIK	2002	DRY	2	37	CTL	VACVIT	159	161	177	203	207	207	-9999	-9999	212	-9999
USTOOLIK	2002	DRY	2	37	CTL	LOIPRO	159	161	165	182	185	203	235	-9999	210	-9999
USTOOLIK	2002	DRY	2	37	CTL	DIALAP	159	163	168	180	185	191	-9999	-9999	210	-9999
USTOOLIK	2002	DRY	2	37	CTL	ARCALP	159	165	168	170	180	193	224	232	207	235
USTOOLIK	2002	DRY	2	37	CTL	SALPHL	159	168	-9999	-9999	-9999	-9999	-9999	-9999	207	238
USTOOLIK	2002	DRY	2	38	CTL	DRYOCT	159	165	189	191	193	196	-9999	-9999	217	-9999
USTOOLIK	2002	DRY	2	38	CTL	VACVIT	159	161	-9999	-9999	-9999	-9999	-9999	-9999	212	-9999
USTOOLIK	2002	DRY	2	38	CTL	LOIPRO	159	161	165	182	185	203	235	-9999	210	-9999
USTOOLIK	2002	DRY	2	38	CTL	DIALAP	159	163	168	180	185	191	-9999	-9999	210	-9999
USTOOLIK	2002	DRY	2	38	CTL	ARCALP	159	168	168	175	180	185	219	232	210	235
USTOOLIK	2002	DRY	2	38	CTL	SALPHL	159	168	-9999	-9999	-9999	-9999	-9999	-9999	219	238
USTOOLIK	2002	DRY	3	39	CTL	DRYOCT	142	-9999	149	161	165	177	180	205	193	-9999
USTOOLIK	2002	DRY	3	39	CTL	VACVIT	142	-9999	154	175	182	191	-9999	-9999	212	-9999
USTOOLIK	2002	DRY	3	39	CTL	LOIPRO	142	-9999	-9999	156	161	172	210	-9999	189	-9999
USTOOLIK	2002	DRY	3	39	CTL	DIALAP	142	-9999	-9999	177	-9999	-9999	-9999	-9999	207	-9999
USTOOLIK	2002	DRY	3	39	CTL	ARCALP	142	-9999	-9999	151	161	172	210	217	189	232
USTOOLIK	2002	DRY	3	39	CTL	SALPHL	142	-9999	-9999	-9999	-9999	-9999	207	-9999	203	-9999
USTOOLIK	2002	DRY	3	40	CTL	DRYOCT	142	-9999	154	161	163	177	180	205	196	-9999
USTOOLIK	2002	DRY	3	40	CTL	VACVIT	142	-9999	158	180	189	200	-9999	-9999	212	-9999
USTOOLIK	2002	DRY	3	40	CTL	LOIPRO	142	-9999	-9999	151	161	172	210	-9999	189	-9999
USTOOLIK	2002	DRY	3	40	CTL	DIALAP	142	-9999	-9999	-9999	-9999	-9999	-9999	-9999	191	-9999
USTOOLIK	2002	DRY	3	40	CTL	ARCALP	142	-9999	-9999	151	161	170	210	212	189	232
USTOOLIK	2002	DRY	3	40	CTL	SALPHL	142	-9999	-9999	151	-9999	-9999	-9999	-9999	219	-9999
USTOOLIK	2002	DRY	3	44	CTL	DRYOCT	142	-9999	156	164	168	179	182	207	193	-9999
USTOOLIK	2002	DRY	3	44	CTL	VACVIT	142	-9999	156	177	185	196		-9999	210	-9999
USTOOLIK	2002	DRY	3	44	CTL	LOIPRO	142	-9999	149	158	165	182	210	-9999	189	-9999
USTOOLIK	2002	DRY	3	44	CTL	DIALAP	142	-9999	154	-9999	-9999	-9999	-9999	-9999	212	-9999
USTOOLIK	2002	DRY	3	44	CTL	ARCALP	142	-9999	-9999	-9999	-9999	-9999	-9999	-9999	189	232
USTOOLIK	2002	DRY	3	44	CTL	SALPHL	142	-9999	151	-9999	-9999	-9999	-9999	-9999	191	238
USTOOLIK	2002	DRY	3	45	OTC	DRYOCT	142	-9999	156	158	165	172	198	210	210	-9999
USTOOLIK	2002	DRY	3	45	OTC	VACVIT	142	-9999	-9999	-9999	-9999	-9999	-9999	-9999	210	-9999
USTOOLIK	2002	DRY	3	45	OTC	LOIPRO	142	-9999	-9999	158	152	185	207	-9999	189	-9999
USTOOLIK	2002	DRY	3	45	OTC	DIALAP	142	-9999	-9999	161	165	170	221	-9999	189	-9999
USTOOLIK	2002	DRY	3	50	OTC	DRYOCT	142	-9999	156	161	170	177	185	212	207	-9999
USTOOLIK	2002	DRY	3	50	OTC	VACVIT	142	-9999	163	182	200	-9999	238	-9999	210	-9999
USTOOLIK	2002	DRY	3	50	OTC	LOIPRO	142	-9999	149	161	165	185	210	-9999	189	-9999
USTOOLIK	2002	DRY	3	50	OTC	ARCALP	142	-9999	151	154	163	-9999	-9999	-9999	189	232
USTOOLIK	2002	DRY	3	51	OTC	DRYOCT	142	-9999	156	161	168	177	200	210	191	-9999
USTOOLIK	2002	DRY	3	51	OTC	VACVIT	142	-9999	175	180	200	203	-9999	-9999	212	-9999
USTOOLIK	2002	DRY	3	51	OTC	LOIPRO	142	-9999	-9999	158	165	179	207	-9999	189	-9999
USTOOLIK	2002	DRY	3	51	OTC	ARCALP	142	-9999	151	154	161	168	-9999	-9999	189	232
USTOOLIK	2002	DRY	3	51	OTC	SALPHL	142	-9999	154	154	-9999	-9999	-9999	-9999	210	238
USTOOLIK	2002	DRY	4	55	OTC	DRYOCT	142	-9999	149	156	161	165	177	189	207	-9999
USTOOLIK	2002	DRY	4	55	OTC	VACVIT	142	-9999	149	170	177	189	-9999	-9999	212	-9999
USTOOLIK	2002	DRY	4	55	OTC	LOIPRO	142	-9999	-9999	-9999	-9999	-9999	-9999	-9999	196	-9999
USTOOLIK	2002	DRY	4	55	OTC	ARCALP	142	-9999	-9999	-9999	-9999	-9999	-9999	-9999	189	232
USTOOLIK	2002	DRY	4	56	CTL	DRYOCT	142	-9999	149	161	168	170	-9999	185	207	-9999
USTOOLIK	2002	DRY	4	56	CTL	VACVIT	142	-9999	151	177	196	198	235	-9999	212	-9999
USTOOLIK	2002	DRY	4	56	CTL	LOIPRO	142	-9999	-9999	151	161	172	207	-9999	189	-9999
USTOOLIK	2002	DRY	4	56	CTL	DIALAP	142	-9999	149	-9999	-9999	-9999	-9999	-9999	191	-9999
USTOOLIK	2002	DRY	4	56	CTL	ARCALP	142	-9999	-9999	-9999	-9999	-9999	-9999	-9999	189	232
USTOOLIK	2002	DRY	4	56	CTL	SALPHL	142	-9999	-9999	151	-9999	-9999	210	-9999	207	235
USTOOLIK	2002	DRY	4	57	CTL	DRYOCT	142	-9999	149	156	165	165	-9999	-9999	207	-9999
USTOOLIK	2002	DRY	4	57	CTL	VACVIT	142	-9999	156	182	191	198	232	-9999	212	-9999
USTOOLIK	2002	DRY	4	57	CTL	LOIPRO	142	-9999	-9999	151	161	172	210	-9999	189	-9999
USTOOLIK	2002	DRY	4	57	CTL	DIALAP	142	-9999	149	-9999	-9999	-9999	-9999	-9999	191	-9999
USTOOLIK	2002	DRY	4	57	CTL	ARCALP	142	-9999	-9999	149	-9999	-9999	-9999	-9999	189	232
USTOOLIK	2002	DRY	4	57	CTL	SALPHL	142	-9999	-9999	-9999	-9999	-9999	-9999	-9999	210	238
USTOOLIK	2002	DRY	4	58	OTC	DRYOCT	142	-9999	149	158	161	170	196	210	210	-9999
USTOOLIK	2002	DRY	4	58	OTC	VACVIT	142	-9999	161	182	189	191	-9999	-9999	212	-9999
USTOOLIK	2002	DRY	4	58	OTC	LOIPRO	142	-9999	-9999	158	165	175	210	-9999	196	-9999
USTOOLIK	2002	DRY	4	58	OTC	ARCALP	142	-9999	-9999	-9999	-9999	-9999	-9999	-9999	189	232
USTOOLIK	2002	DRY	4	59	CTL	DRYOCT	142	-9999	-9999	-9999	-9999	-9999	-9999	-9999	191	-9999
USTOOLIK	2002	DRY	4	59	CTL	VACVIT	142	-9999	154	175	191	205	-9999	-9999	212	-9999
USTOOLIK	2002	DRY	4	59	CTL	LOIPRO	142	-9999	-9999	151	161	172	210	-9999	189	-9999
USTOOLIK	2002	DRY	4	59	CTL	ARCALP	142	-9999	-9999	-9999	-9999	-9999	-9999	-9999	189	235
USTOOLIK	2002	DRY	4	59	CTL	SALPHL	142	-9999	-9999	-9999	-9999	-9999	-9999	-9999	191	-9999
USTOOLIK	2002	DRY	4	60	OTC	DRYOCT	142	-9999	156	158	165	170	-9999	-9999	196	-9999
USTOOLIK	2002	DRY	4	60	OTC	VACVIT	142	-9999	156	170	196	198	-9999	-9999	214	-9999
USTOOLIK	2002	DRY	4	60	OTC	LOIPRO	142	-9999	-9999	151	161	170	210	-9999	189	-9999
USTOOLIK	2002	DRY	4	60	OTC	DIALAP	142	-9999	-9999	151	161	165	232	-9999	189	-9999
USTOOLIK	2002	DRY	4	60	OTC	ARCALP	142	-9999	-9999	-9999	-9999	-9999	-9999	-9999	189	235
USTOOLIK	2002	DRY	4	60	OTC	SALPHL	142	-9999	-9999	-9999	-9999	-9999	-9999	-9999	210	238
USTOOLIK	2002	DRY	5	61	OTC	DRYOCT	142	-9999	149	161	168	170	177	203	191	-9999
USTOOLIK	2002	DRY	5	61	OTC	VACVIT	142	-9999	-9999	-9999	-9999	-9999	-9999	-9999	193	-9999
USTOOLIK	2002	DRY	5	61	OTC	LOIPRO	142	-9999	-9999	154	161	170	207	203	189	-9999
USTOOLIK	2002	DRY	5	61	OTC	DIALAP	142	-9999	-9999	-9999	-9999	-9999	-9999	-9999	189	238
USTOOLIK	2002	DRY	5	61	OTC	ARCALP	142	-9999	-9999	-9999	-9999	-9999	-9999	-9999	189	232
USTOOLIK	2002	DRY	5	62	CTL	DRYOCT	142	-9999	156	165	168	170	-9999	-9999	193	-9999
USTOOLIK	2002	DRY	5	62	CTL	VACVIT	142	-9999	163	177	189	200	-9999	-9999	212	-9999
USTOOLIK	2002	DRY	5	62	CTL	LOIPRO	142	-9999	-9999	151	161	170	207	-9999	189	-9999
USTOOLIK	2002	DRY	5	62	CTL	DIALAP	142	-9999	-9999	-9999	-9999	-9999	-9999	-9999	189	-9999
USTOOLIK	2002	DRY	5	62	CTL	ARCALP	142	-9999	-9999	-9999	-9999	-9999	-9999	-9999	189	232
USTOOLIK	2002	DRY	5	62	CTL	SALPHL	142	-9999	-9999	-9999	-9999	-9999	-9999	-9999	200	235
USTOOLIK	2002	DRY	5	63	OTC	DRYOCT	142	-9999	149	156	165	168	-9999	-9999	198	-9999
USTOOLIK	2002	DRY	5	63	OTC	VACVIT	142	-9999	165	177	180	189	-9999	-9999	191	-9999
USTOOLIK	2002	DRY	5	63	OTC	LOIPRO	142	-9999	-9999	151	161	170	207	-9999	189	-9999
USTOOLIK	2002	DRY	5	63	OTC	DIALAP	142	-9999	-9999	154	161	165	-9999	-9999	189	-9999
USTOOLIK	2002	DRY	5	63	OTC	ARCALP	142	-9999	-9999	-9999	-9999	-9999	-9999	-9999	189	232
USTOOLIK	2002	DRY	5	63	OTC	SALPHL	142	-9999	-9999	-9999	-9999	-9999	-9999	-9999	232	238
USTOOLIK	2002	DRY	5	65	CTL	DRYOCT	142	-9999	-9999	149	158	165	168	160	207	-9999
USTOOLIK	2002	DRY	5	65	CTL	VACVIT	142	-9999	154	168	191	205	-9999	-9999	212	-9999
USTOOLIK	2002	DRY	5	65	CTL	LOIPRO	142	-9999	-9999	154	161	170	-9999	-9999	189	-9999
USTOOLIK	2002	DRY	5	65	CTL	DIALAP	142	-9999	-9999	-9999	-9999	151	-9999	-9999	189	-9999
USTOOLIK	2002	DRY	5	65	CTL	ARCALP	142	-9999	-9999	-9999	-9999	-9999	-9999	-9999	189	232
USTOOLIK	2002	DRY	5	68	CTL	DRYOCT	142	-9999	151	161	168	168	180	-9999	191	-9999
USTOOLIK	2002	DRY	5	68	CTL	VACVIT	142	-9999	154	189	193	198	-9999	-9999	200	-9999
USTOOLIK	2002	DRY	5	68	CTL	LOIPRO	142	-9999	-9999	154	161	172	207	-9999	189	-9999
USTOOLIK	2002	DRY	5	68	CTL	ARCALP	142	-9999	-9999	-9999	-9999	-9999	-9999	-9999	189	232
USTOOLIK	2002	DRY	5	69	OTC	DRYOCT	142	-9999	151	161	165	170	-9999	-9999	196	-9999
USTOOLIK	2002	DRY	5	69	OTC	VACVIT	142	-9999	168	-9999	-9999	-9999	-9999	-9999	212	-9999
USTOOLIK	2002	DRY	5	69	OTC	LOIPRO	142	-9999	-9999	151	161	172	210	-9999	189	-9999
USTOOLIK	2002	DRY	5	69	OTC	ARCALP	142	-9999	-9999	-9999	-9999	-9999	-9999	-9999	189	232
USTOOLIK	2002	DRY	6	77	CTL	DRYOCT	142	-9999	-9999	161	165	172	180	185	189	-9999
USTOOLIK	2002	DRY	6	77	CTL	VACVIT	142	-9999	-9999	196	-9999	-9999	-9999	-9999	210	-9999
USTOOLIK	2002	DRY	6	77	CTL	SALPHL	142	-9999	-9999	-9999	-9999	-9999	-9999	-9999	193	238
USTOOLIK	2002	DRY	6	78	OTC	DRYOCT	142	-9999	149	156	161	165	177	185	189	-9999
USTOOLIK	2002	DRY	6	79	CTL	DRYOCT	142	-9999	154	161	165	168	-9999	-9999	189	-9999
USTOOLIK	2002	DRY	6	79	CTL	VACVIT	142	-9999	-9999	175	185	200	-9999	-9999	212	-9999
USTOOLIK	2002	DRY	6	79	CTL	LOIPRO	142	-9999	-9999	154	161	165	210	-9999	189	-9999
USTOOLIK	2002	DRY	6	79	CTL	DIALAP	142	-9999	-9999	-9999	-9999	-9999	-9999	-9999	189	-9999
USTOOLIK	2002	DRY	6	79	CTL	SALPHL	142	-9999	-9999	-9999	-9999	-9999	210	-9999	207	235
USTOOLIK	2002	DRY	6	80	CTL	DRYOCT	142	-9999	-9999	-9999	-9999	-9999	-9999	-9999	189	-9999
USTOOLIK	2002	DRY	6	80	CTL	VACVIT	142	-9999	154	168	189	203	232	-9999	191	-9999
USTOOLIK	2002	DRY	6	80	CTL	LOIPRO	142	-9999	-9999	149	158	172	210	-9999	189	-9999
USTOOLIK	2002	DRY	6	80	CTL	DIALAP	142	-9999	-9999	-9999	-9999	-9999	-9999	-9999	210	-9999
USTOOLIK	2002	DRY	6	80	CTL	ARCALP	142	-9999	-9999	-9999	156	-9999	-9999	-9999	189	232
USTOOLIK	2002	DRY	6	81	OTC	DRYOCT	142	-9999	-9999	156	161	165	180	185	189	238
USTOOLIK	2002	DRY	6	81	OTC	VACVIT	142	-9999	-9999	168	177	185	-9999	-9999	193	-9999
USTOOLIK	2002	DRY	6	81	OTC	LOIPRO	142	-9999	-9999	149	161	172	219	-9999	189	-9999
USTOOLIK	2002	DRY	6	81	OTC	ARCALP	142	-9999	-9999	-9999	-9999	-9999	-9999	-9999	-9999	-9999
USTOOLIK	2002	DRY	6	81	OTC	SALPHL	142	-9999	-9999	-9999	-9999	-9999	-9999	-9999	-9999	-9999
USTOOLIK	2002	DRY	6	82	OTC	DRYOCT	142	-9999	-9999	166	161	163	-9999	-9999	193	-9999
USTOOLIK	2002	DRY	6	82	OTC	VACVIT	142	-9999	164	168	180	196	-9999	-9999	212	-9999
USTOOLIK	2002	DRY	6	82	OTC	LOIPRO	142	-9999	-9999	154	158	170	210	-9999	189	-9999
USTOOLIK	2002	DRY	6	82	OTC	ARCALP	142	-9999	-9999	-9999	-9999	-9999	-9999	-9999	189	232
USTOOLIK	2002	DRY	6	82	OTC	SALPHL	142	-9999	-9999	-9999	-9999	-9999	-9999	-9999	210	235
USTOOLIK	2002	MOIST	0	155	CTL	ERIVAG	142	-9999	-9999	-9999	149	-9999	172	-9999	196	-9999
USTOOLIK	2002	MOIST	0	155	CTL	CARBIG	142	149			-9999	-9999	198	-9999	205	-9999
USTOOLIK	2002	MOIST	0	155	CTL	BETNAN	142	-9999	-9999	161	-9999	-9999	214	-9999	205	235
USTOOLIK	2002	MOIST	0	155	CTL	SALPUL	142	-9999	-9999		-9999	-9999	186	-9999	207	-9999
USTOOLIK	2002	MOIST	0	155	CTL	VACVIT	142	-9999	149	-9999	-9999	-9999	-9999	-9999	207	-9999
USTOOLIK	2002	MOIST	0	155	CTL	LEDDEC	142	-9999	149	177	180	186	235	-9999	214	-9999
USTOOLIK	2002	MOIST	0	155	CTL	ANDPOL	142	-9999	151	177	-9999	186	238	-9999	210	-9999
USTOOLIK	2002	MOIST	0	155	CTL	VACULI	142	-9999	151	165	172	186	-9999	-9999	210	238
USTOOLIK	2002	MOIST	0	155	CTL	BISPLU	142	149	-9999	-9999	-9999	-9999	-9999	-9999	205	-9999
USTOOLIK	2002	MOIST	0	156	OTC	ERIVAG	142	-9999	-9999	-9999	149	-9999	163	-9999	200	-9999
USTOOLIK	2002	MOIST	0	156	OTC	CARBIG	142	149	149	156	-9999	-9999	205	-9999	207	-9999
USTOOLIK	2002	MOIST	0	156	OTC	BETNAN	142	-9999	149	158	-9999	-9999	-9999	-9999	210	235
USTOOLIK	2002	MOIST	0	156	OTC	SALPUL	142	-9999	-9999	-9999	-9999	-9999	-9999	-9999	191	238
USTOOLIK	2002	MOIST	0	156	OTC	VACVIT	142	-9999	170	196	203	205	235	-9999	210	-9999
USTOOLIK	2002	MOIST	0	156	OTC	LEDDEC	142	-9999	149	165	172	205	-9999	-9999	198	-9999
USTOOLIK	2002	MOIST	0	156	OTC	VACULI	142	-9999	161	165	172	179	-9999	-9999	210	238
USTOOLIK	2002	MOIST	0	156	OTC	BISPLU	142	149	-9999	-9999	-9999	-9999	-9999	-9999	189	-9999
USTOOLIK	2002	MOIST	0	156	OTC	CASTET	142	-9999	161	170	172	182	-9999	-9999	207	-9999
USTOOLIK	2002	MOIST	0	160	OTC	ERIVAG	142	-9999	-9999	-9999	149	-9999	186	-9999	198	-9999
USTOOLIK	2002	MOIST	0	160	OTC	CARBIG	142	-9999	151	156	-9999	-9999	189	-9999	207	-9999
USTOOLIK	2002	MOIST	0	160	OTC	BETNAN	142	-9999	-9999	-9999	-9999	-9999	-9999	-9999	191	238
USTOOLIK	2002	MOIST	0	160	OTC	SALPUL	142	-9999	-9999	-9999	-9999	-9999	-9999	-9999	214	-9999
USTOOLIK	2002	MOIST	0	160	OTC	VACVIT	142	-9999	156	177	186	203	-9999	-9999	205	-9999
USTOOLIK	2002	MOIST	0	160	OTC	LEDDEC	142	-9999	149	168	180	182	-9999	-9999	205	-9999
USTOOLIK	2002	MOIST	0	160	OTC	VACULI	142	-9999	151	161	165	186	-9999	-9999	205	235
USTOOLIK	2002	MOIST	0	160	OTC	RUBCHA	142	149	-9999	-9999	-9999	-9999	-9999	-9999	219	235
USTOOLIK	2002	MOIST	0	160	OTC	BISPLU	142	151	170	156	203	214	235	-9999	205	238
USTOOLIK	2002	MOIST	0	160	OTC	CASTET	142	-9999	149	161	168	172	235	-9999	210	-9999
USTOOLIK	2002	MOIST	0	162	OTC	ERIVAG	142	-9999	-9999	-9999	-9999	-9999	177	-9999	196	-9999
USTOOLIK	2002	MOIST	0	162	OTC	CARBIG	142	-9999	154	156	-9999	-9999	191	-9999	205	-9999
USTOOLIK	2002	MOIST	0	162	OTC	BETNAN	142	-9999	-9999	149	-9999	-9999	219	-9999	186	238
USTOOLIK	2002	MOIST	0	162	OTC	SALPUL	142	-9999	-9999	-9999	-9999	-9999	-9999	-9999	207	-9999
USTOOLIK	2002	MOIST	0	162	OTC	VACVIT	142	-9999	149	177	186	200	-9999	-9999	198	-9999
USTOOLIK	2002	MOIST	0	162	OTC	LEDDEC	142	-9999	149	168	172	179	-9999	-9999	207	-9999
USTOOLIK	2002	MOIST	0	162	OTC	ANDPOL	142	-9999	149	161	177	186	-9999	-9999	210	-9999
USTOOLIK	2002	MOIST	0	162	OTC	RUBCHA	142	149	158	161	165	179	-9999	-9999	200	232
USTOOLIK	2002	MOIST	0	162	OTC	BISPLU	142	151	-9999	-9999	-9999	-9999	-9999	-9999	205	238
USTOOLIK	2002	MOIST	0	162	OTC	CASTET	142	-9999	149	156	168	168	235	-9999	205	-9999
USTOOLIK	2002	MOIST	0	163	CTL	ERIVAG	142	-9999	-9999	-9999	-9999	-9999	177	-9999	196	-9999
USTOOLIK	2002	MOIST	0	163	CTL	CARBIG	142	-9999	156	161	-9999	-9999	193	-9999	205	-9999
USTOOLIK	2002	MOIST	0	163	CTL	BETNAN	142	-9999	-9999	149	-9999	-9999	-9999	-9999	207	235
USTOOLIK	2002	MOIST	0	163	CTL	SALPUL	142	-9999	-9999	-9999	-9999	-9999	-9999	-9999	207	-9999
USTOOLIK	2002	MOIST	0	163	CTL	VACVIT	142	-9999	154	156	193	200	238	-9999	205	-9999
USTOOLIK	2002	MOIST	0	163	CTL	LEDDEC	142	-9999	-9999	-9999	-9999	-9999	-9999	-9999	205	-9999
USTOOLIK	2002	MOIST	0	163	CTL	ANDPOL	142	-9999	177	193	200	205	235	-9999	205	-9999
USTOOLIK	2002	MOIST	0	163	CTL	VACULI	142	-9999	-9999	-9999	-9999	-9999	-9999	-9999	-9999	-9999
USTOOLIK	2002	MOIST	0	163	CTL	RUBCHA	142	-9999	149	175	177	179	-9999	-9999	191	232
USTOOLIK	2002	MOIST	0	163	CTL	BISPLU	142	154	-9999	-9999	-9999	-9999	-9999	-9999	207	238
USTOOLIK	2002	MOIST	0	165	CTL	ERIVAG	142	-9999	-9999	-9999	-9999	-9999	180	-9999	200	-9999
USTOOLIK	2002	MOIST	0	165	CTL	CARBIG	142	-9999	149	156	-9999	-9999	191	-9999	205	-9999
USTOOLIK	2002	MOIST	0	165	CTL	BETNAN	142	-9999	-9999	-9999	-9999	-9999	-9999	-9999	186	238
USTOOLIK	2002	MOIST	0	165	CTL	SALPUL	142	-9999	-9999	-9999	-9999	-9999	210	-9999	207	-9999
USTOOLIK	2002	MOIST	0	165	CTL	VACVIT	142	-9999	154	180	191	210	238	-9999	210	-9999
USTOOLIK	2002	MOIST	0	165	CTL	LEDDEC	142	-9999	-9999	-9999	-9999	-9999	-9999	-9999	207	-9999
USTOOLIK	2002	MOIST	0	165	CTL	ANDPOL	142	-9999	149	170	180	193	238	-9999	205	-9999
USTOOLIK	2002	MOIST	0	165	CTL	RUBCHA	142	156	-9999	-9999	-9999	-9999	-9999	-9999	210	235
USTOOLIK	2002	MOIST	0	165	CTL	BISPLU	142	154	-9999	-9999	-9999	-9999	-9999	-9999	207	-9999
USTOOLIK	2002	MOIST	0	165	CTL	CASTET	142	-9999	-9999	-9999	-9999	-9999	-9999	-9999	210	-9999
USTOOLIK	2002	MOIST	1	101	CTL	ERIVAG	166	168	170	-9999	-9999	-9999	-9999	-9999	210	-9999
USTOOLIK	2002	MOIST	1	101	CTL	CARBIG	166	168	-9999	-9999	-9999	-9999	-9999	-9999	207	-9999
USTOOLIK	2002	MOIST	1	101	CTL	BETNAN	166	168	-9999	-9999	-9999	-9999	-9999	-9999	210	-9999
USTOOLIK	2002	MOIST	1	101	CTL	SALPUL	166	168	-9999	-9999	-9999	-9999	-9999	-9999	217	-9999
USTOOLIK	2002	MOIST	1	101	CTL	VACVIT	166	168	-9999	-9999	-9999	-9999	-9999	-9999	212	-9999
USTOOLIK	2002	MOIST	1	101	CTL	LEDDEC	166	168	-9999	-9999	-9999	-9999	-9999	-9999	219	-9999
USTOOLIK	2002	MOIST	1	101	CTL	VACULI	166	172	-9999	-9999	-9999	-9999	-9999	-9999	207	-9999
USTOOLIK	2002	MOIST	1	101	CTL	RUBCHA	166	170	-9999	-9999	-9999	-9999	-9999	-9999	210	-9999
USTOOLIK	2002	MOIST	1	105	OTC	ERIVAG	165	165	175	-9999	-9999	-9999	-9999	-9999	210	-9999
USTOOLIK	2002	MOIST	1	105	OTC	CARBIG	165	172	-9999	-9999	-9999	-9999	-9999	-9999	207	-9999
USTOOLIK	2002	MOIST	1	105	OTC	BETNAN	165	168	-9999	-9999	-9999	-9999	-9999	-9999	210	-9999
USTOOLIK	2002	MOIST	1	105	OTC	SALPUL	165	168	165	175	-9999	-9999	210	-9999	238	-9999
USTOOLIK	2002	MOIST	1	105	OTC	VACVIT	165	165	-9999	-9999	-9999	-9999	-9999	-9999	212	-9999
USTOOLIK	2002	MOIST	1	105	OTC	LEDDEC	165	165	-9999	-9999	-9999	-9999	-9999	-9999	212	-9999
USTOOLIK	2002	MOIST	1	105	OTC	RUBCHA	165	172	-9999	-9999	-9999	-9999	-9999	-9999	214	-9999
USTOOLIK	2002	MOIST	1	105	OTC	BISPLU	165	170	-9999	-9999	-9999	-9999	-9999	-9999	214	-9999
USTOOLIK	2002	MOIST	1	106	OTC	ERIVAG	165	165	165	170	-9999	-9999	212	-9999	210	-9999
USTOOLIK	2002	MOIST	1	106	OTC	CARBIG	165	165	170	180	-9999	-9999	207	-9999	210	-9999
USTOOLIK	2002	MOIST	1	106	OTC	BETNAN	165	168	168	180	-9999	-9999	232	-9999	217	-9999
USTOOLIK	2002	MOIST	1	106	OTC	SALPUL	165	168	168	177	-9999	-9999	210	-9999	-9999	-9999
USTOOLIK	2002	MOIST	1	106	OTC	VACVIT	165	165	-9999	-9999	-9999	-9999	-9999	-9999	212	-9999
USTOOLIK	2002	MOIST	1	106	OTC	LEDDEC	165	165	-9999	-9999	-9999	-9999	-9999	-9999	212	-9999
USTOOLIK	2002	MOIST	1	106	OTC	VACULI	165	172	189	203	-9999	-9999	-9999	-9999	210	-9999
USTOOLIK	2002	MOIST	1	106	OTC	BISPLU	165	182	-9999	-9999	-9999	-9999	-9999	-9999	212	-9999
USTOOLIK	2002	MOIST	1	107	OTC	ERIVAG	165	165	165	168	-9999	-9999	196	-9999	210	-9999
USTOOLIK	2002	MOIST	1	107	OTC	CARBIG	165	165	177	180	-9999	-9999	207	-9999	210	-9999
USTOOLIK	2002	MOIST	1	107	OTC	BETNAN	165	168	170	180	-9999	-9999	-9999	-9999	235	-9999
USTOOLIK	2002	MOIST	1	107	OTC	SALPUL	165	168	-9999	-9999	-9999	-9999	-9999	-9999	210	-9999
USTOOLIK	2002	MOIST	1	107	OTC	VACVIT	165	165	-9999	-9999	-9999	-9999	-9999	-9999	212	-9999
USTOOLIK	2002	MOIST	1	107	OTC	LEDDEC	165	165	-9999	-9999	-9999	-9999	-9999	-9999	217	-9999
USTOOLIK	2002	MOIST	1	107	OTC	VACULI	165	-9999	-9999	-9999	-9999	-9999	-9999	-9999	-9999	-9999
USTOOLIK	2002	MOIST	1	107	OTC	BISPLU	165	180	-9999	-9999	-9999	-9999	-9999	-9999	212	-9999
USTOOLIK	2002	MOIST	1	108	CTL	ERIVAG	164	165	168	170	-9999	-9999	-9999	-9999	210	-9999
USTOOLIK	2002	MOIST	1	108	CTL	CARBIG	164	165	-9999	-9999	-9999	-9999	-9999	-9999	210	-9999
USTOOLIK	2002	MOIST	1	108	CTL	BETNAN	164	168	-9999	-9999	-9999	-9999	-9999	-9999	221	-9999
USTOOLIK	2002	MOIST	1	108	CTL	SALPUL	164	168	-9999	-9999	-9999	-9999	-9999	-9999	238	-9999
USTOOLIK	2002	MOIST	1	108	CTL	VACVIT	164	168	-9999	-9999	-9999	-9999	-9999	-9999	212	-9999
USTOOLIK	2002	MOIST	1	108	CTL	LEDDEC	164	-9999	-9999	-9999	-9999	-9999	-9999	-9999	212	-9999
USTOOLIK	2002	MOIST	1	108	CTL	ANDPOL	164	170	-9999	-9999	-9999	-9999	-9999	-9999	232	-9999
USTOOLIK	2002	MOIST	1	108	CTL	VACULI	164	172	-9999	-9999	-9999	-9999	-9999	-9999	207	-9999
USTOOLIK	2002	MOIST	1	108	CTL	CASTET	164	168	-9999	-9999	-9999	-9999	-9999	-9999	210	-9999
USTOOLIK	2002	MOIST	1	111	CTL	ERIVAG	164	165	165	168	-9999	-9999	-9999	-9999	207	-9999
USTOOLIK	2002	MOIST	1	111	CTL	CARBIG	164	165	170	180	-9999	-9999	205	-9999	210	-9999
USTOOLIK	2002	MOIST	1	111	CTL	BETNAN	164	168	-9999	-9999	-9999	-9999	-9999	-9999	207	-9999
USTOOLIK	2002	MOIST	1	111	CTL	SALPUL	164	168	-9999	-9999	-9999	-9999	-9999	-9999	238	-9999
USTOOLIK	2002	MOIST	1	111	CTL	VACVIT	164	165	-9999	-9999	-9999	-9999	-9999	-9999	212	-9999
USTOOLIK	2002	MOIST	1	111	CTL	LEDDEC	164	165	-9999	-9999	-9999	-9999	-9999	-9999	203	-9999
USTOOLIK	2002	MOIST	1	111	CTL	ANDPOL	164	165	-9999	-9999	-9999	-9999	-9999	-9999	210	-9999
USTOOLIK	2002	MOIST	1	111	CTL	VACULI	164	172	180	-9999	-9999	-9999	-9999	-9999	212	238
USTOOLIK	2002	MOIST	1	111	CTL	BISPLU	164	-9999	-9999	-9999	-9999	-9999	-9999	-9999	212	-9999
USTOOLIK	2002	MOIST	1	111	CTL	CASTET	164	165	175	156	-9999	-9999	-9999	-9999	210	-9999
USTOOLIK	2002	MOIST	2	113	CTL	ERIVAG	162	165	168	168	-9999	-9999	212	-9999	207	-9999
USTOOLIK	2002	MOIST	2	113	CTL	CARBIG	162	165	-9999	-9999	-9999	-9999	-9999	-9999	207	-9999
USTOOLIK	2002	MOIST	2	113	CTL	BETNAN	162	168	-9999	-9999	-9999	-9999	-9999	-9999	219	-9999
USTOOLIK	2002	MOIST	2	113	CTL	SALPUL	162	168	-9999	-9999	-9999	-9999	-9999	-9999	217	-9999
USTOOLIK	2002	MOIST	2	113	CTL	VACVIT	162	165	-9999	-9999	-9999	-9999	-9999	-9999	212	-9999
USTOOLIK	2002	MOIST	2	113	CTL	LEDDEC	162	165	-9999	-9999	-9999	-9999	-9999	-9999	221	-9999
USTOOLIK	2002	MOIST	2	113	CTL	VACULI	162	172	180	196	-9999	-9999	-9999	-9999	212	-9999
USTOOLIK	2002	MOIST	2	114	OTC	ERIVAG	164	165	168	170	-9999	-9999	-9999	-9999	207	-9999
USTOOLIK	2002	MOIST	2	114	OTC	CARBIG	164	165	-9999	-9999	-9999	-9999	-9999	-9999	210	-9999
USTOOLIK	2002	MOIST	2	114	OTC	BETNAN	164	168	-9999	-9999	-9999	-9999	-9999	-9999	221	-9999
USTOOLIK	2002	MOIST	2	114	OTC	SALPUL	164	168	-9999	-9999	-9999	-9999	-9999	-9999	217	-9999
USTOOLIK	2002	MOIST	2	114	OTC	VACVIT	164	165	-9999	-9999	-9999	-9999	-9999	-9999	212	-9999
USTOOLIK	2002	MOIST	2	114	OTC	LEDDEC	164	165	-9999	-9999	-9999	-9999	-9999	-9999	217	-9999
USTOOLIK	2002	MOIST	2	114	OTC	VACULI	164	170	180	191	196	-9999	-9999	-9999	214	238
USTOOLIK	2002	MOIST	2	114	OTC	RUBCHA	164	189	-9999	-9999	-9999	-9999	-9999	-9999	221	-9999
USTOOLIK	2002	MOIST	2	114	OTC	BISPLU	164	177	-9999	-9999	-9999	-9999	-9999	-9999	217	-9999
USTOOLIK	2002	MOIST	2	115	CTL	ERIVAG	164	163	163	170	-9999	-9999	-9999	-9999	207	-9999
USTOOLIK	2002	MOIST	2	115	CTL	CARBIG	164	163	170	177	-9999	-9999	212	-9999	207	-9999
USTOOLIK	2002	MOIST	2	115	CTL	BETNAN	164	168	172	177	-9999	-9999	-9999	-9999	210	-9999
USTOOLIK	2002	MOIST	2	115	CTL	SALPUL	164	168	-9999	-9999	-9999	-9999	-9999	-9999	217	-9999
USTOOLIK	2002	MOIST	2	115	CTL	VACVIT	164	163	-9999	-9999	-9999	-9999	-9999	-9999	212	-9999
USTOOLIK	2002	MOIST	2	115	CTL	LEDDEC	164	163	-9999	-9999	-9999	-9999	-9999	-9999	219	-9999
USTOOLIK	2002	MOIST	2	115	CTL	ANDPOL	164	165	-9999	-9999	-9999	-9999	-9999	-9999	221	-9999
USTOOLIK	2002	MOIST	2	115	CTL	VACULI	164	170	-9999	-9999	-9999	-9999	-9999	-9999	207	238
USTOOLIK	2002	MOIST	2	115	CTL	RUBCHA	164	172	180	198	200	200		-9999	207	-9999
USTOOLIK	2002	MOIST	2	116	CTL	ERIVAG	164	165	170	198	-9999	-9999	-9999	-9999	207	-9999
USTOOLIK	2002	MOIST	2	116	CTL	CARBIG	164	165	168	177	-9999	-9999	212	-9999	203	-9999
USTOOLIK	2002	MOIST	2	116	CTL	BETNAN	164	168	168	-9999	-9999	-9999	-9999	-9999	214	-9999
USTOOLIK	2002	MOIST	2	116	CTL	SALPUL	164	168	-9999	-9999	-9999	-9999	-9999	-9999	238	-9999
USTOOLIK	2002	MOIST	2	116	CTL	VACVIT	164	165	-9999	-9999	-9999	-9999	-9999	-9999	214	-9999
USTOOLIK	2002	MOIST	2	116	CTL	LEDDEC	164	168	-9999	-9999	-9999	-9999	-9999	-9999	-9999	-9999
USTOOLIK	2002	MOIST	2	116	CTL	ANDPOL	164	168	-9999	-9999	-9999	-9999	-9999	-9999	-9999	-9999
USTOOLIK	2002	MOIST	2	116	CTL	VACULI	164	170	180	191	196	-9999	-9999	-9999	207	235
USTOOLIK	2002	MOIST	2	116	CTL	RUBCHA	164	180	186	-9999	-9999	-9999	-9999	-9999	210	-9999
USTOOLIK	2002	MOIST	2	117	OTC	ERIVAG	163	163	163	168	-9999	-9999	205	-9999	207	-9999
USTOOLIK	2002	MOIST	2	117	OTC	CARBIG	163	165	177	180	-9999	-9999	-9999	-9999	207	-9999
USTOOLIK	2002	MOIST	2	117	OTC	BETNAN	163	168	-9999	-9999	-9999	-9999	-9999	-9999	219	238
USTOOLIK	2002	MOIST	2	117	OTC	SALPUL	163	168	-9999	-9999	-9999	-9999	-9999	-9999	207	-9999
USTOOLIK	2002	MOIST	2	117	OTC	VACVIT	163	163	-9999	-9999	-9999	-9999	-9999	-9999	217	-9999
USTOOLIK	2002	MOIST	2	117	OTC	LEDDEC	163	165	-9999	-9999	-9999	-9999	-9999	-9999	221	-9999
USTOOLIK	2002	MOIST	2	117	OTC	ANDPOL	163	163	-9999	-9999	-9999	-9999	-9999	-9999	217	-9999
USTOOLIK	2002	MOIST	2	117	OTC	VACULI	163	168	177	191	196	200	-9999	-9999	221	-9999
USTOOLIK	2002	MOIST	2	117	OTC	BISPLU	163	-9999	-9999	-9999	-9999	-9999	-9999	-9999	219	238
USTOOLIK	2002	MOIST	2	117	OTC	CASTET	163	165	-9999	-9999	-9999	-9999	-9999	-9999	217	-9999
USTOOLIK	2002	MOIST	2	118	OTC	ERIVAG	164	165	165	168	-9999	-9999	205	-9999	207	-9999
USTOOLIK	2002	MOIST	2	118	OTC	CARBIG	164	165	172	177	-9999	-9999	207	-9999	207	-9999
USTOOLIK	2002	MOIST	2	118	OTC	BETNAN	164	168	168	172	-9999	-9999	235	-9999	207	-9999
USTOOLIK	2002	MOIST	2	118	OTC	SALPUL	164	168	-9999	-9999	-9999	-9999	-9999	-9999	214	-9999
USTOOLIK	2002	MOIST	2	118	OTC	VACVIT	164	165	186	200	203	207	-9999	-9999	217	-9999
USTOOLIK	2002	MOIST	2	118	OTC	LEDDEC	164	165	-9999	-9999	-9999	-9999	-9999	-9999	217	-9999
USTOOLIK	2002	MOIST	2	118	OTC	ANDPOL	164	165	-9999	-9999	-9999	-9999	-9999	-9999	217	-9999
USTOOLIK	2002	MOIST	2	118	OTC	VACULI	164	170	177	189	196	205	-9999	-9999	207	-9999
USTOOLIK	2002	MOIST	3	119	CTL	ERIVAG	146	-9999	-9999	-9999	-9999	-9999	212	-9999	200	-9999
USTOOLIK	2002	MOIST	3	119	CTL	CARBIG	146	149	-9999	-9999	-9999	-9999	-9999	-9999	203	-9999
USTOOLIK	2002	MOIST	3	119	CTL	BETNAN	146	149	154	164	-9999	-9999	-9999	-9999	-9999	238
USTOOLIK	2002	MOIST	3	119	CTL	SALPUL	146	-9999	-9999	-9999	-9999	-9999	-9999	-9999	207	-9999
USTOOLIK	2002	MOIST	3	119	CTL	VACVIT	146	-9999	-9999	-9999	-9999	-9999	-9999	-9999	214	-9999
USTOOLIK	2002	MOIST	3	119	CTL	LEDDEC	146	-9999	-9999	-9999	-9999	-9999	-9999	-9999	221	-9999
USTOOLIK	2002	MOIST	3	119	CTL	ANDPOL	146	-9999	-9999	-9999	-9999	-9999	-9999	-9999	232	-9999
USTOOLIK	2002	MOIST	3	119	CTL	VACULI	146	149	163	175	180	191	-9999	-9999	219	238
USTOOLIK	2002	MOIST	3	119	CTL	RUBCHA	146	149	170	177	182	186	-9999	-9999	200	-9999
USTOOLIK	2002	MOIST	3	121	OTC	ERIVAG	147	-9999	151	151	-9999	-9999	-9999	-9999	205	-9999
USTOOLIK	2002	MOIST	3	121	OTC	CARBIG	147	149	156	161	-9999	-9999	207	-9999	205	-9999
USTOOLIK	2002	MOIST	3	121	OTC	BETNAN	147	-9999	154	158	-9999	-9999	232	-9999	219	-9999
USTOOLIK	2002	MOIST	3	121	OTC	SALPUL	147	-9999	158	161	-9999	-9999	-9999	-9999	207	-9999
USTOOLIK	2002	MOIST	3	121	OTC	VACVIT	147	148	161	156	193	207	-9999	-9999	232	-9999
USTOOLIK	2002	MOIST	3	121	OTC	LEDDEC	147	148	-9999	-9999	-9999	-9999	-9999	-9999	207	-9999
USTOOLIK	2002	MOIST	3	121	OTC	ANDPOL	147	148	-9999	-9999	-9999	-9999	-9999	-9999	207	-9999
USTOOLIK	2002	MOIST	3	121	OTC	VACULI	147	158	161	170	180	196	-9999	-9999	219	238
USTOOLIK	2002	MOIST	3	121	OTC	RUBCHA	147	158	-9999	-9999	-9999	-9999	-9999	-9999	232	-9999
USTOOLIK	2002	MOIST	3	121	OTC	BISPLU	147	158	-9999	-9999	-9999	-9999	-9999	-9999	232	-9999
USTOOLIK	2002	MOIST	3	121	OTC	CASTET	147	148	154	-9999	-9999	-9999	-9999	-9999	207	-9999
USTOOLIK	2002	MOIST	3	122	CTL	ERIVAG	147	-9999	-9999	-9999	-9999	-9999	203	-9999	205	-9999
USTOOLIK	2002	MOIST	3	122	CTL	CARBIG	147	-9999	156	164	-9999	-9999	-9999	-9999	203	-9999
USTOOLIK	2002	MOIST	3	122	CTL	BETNAN	147	-9999	-9999	149	-9999	-9999	212	-9999	205	-9999
USTOOLIK	2002	MOIST	3	122	CTL	SALPUL	147	-9999	-9999	-9999	-9999	-9999	-9999	-9999	210	-9999
USTOOLIK	2002	MOIST	3	122	CTL	VACVIT	147	-9999	-9999	-9999	-9999	-9999	-9999	-9999	200	-9999
USTOOLIK	2002	MOIST	3	122	CTL	RUBCHA	147	-9999	-9999	-9999	-9999	-9999	-9999	-9999	200	-9999
USTOOLIK	2002	MOIST	3	122	CTL	ANDPOL	147	-9999	154	180	189	196		-9999	210	-9999
USTOOLIK	2002	MOIST	3	122	CTL	VACULI	147	149	161	172	180	189	-9999	-9999	207	238
USTOOLIK	2002	MOIST	3	122	CTL	RUBCHA	147	149	168	191	193	193	-9999	-9999	203	-9999
USTOOLIK	2002	MOIST	3	122	CTL	BISPLU	147	154	-9999	-9999	-9999	-9999	-9999	-9999	235	-9999
USTOOLIK	2002	MOIST	3	123	CTL	ERIVAG	147	-9999	-9999	151	-9999	-9999	196	-9999	205	-9999
USTOOLIK	2002	MOIST	3	123	CTL	CARBIG	147	149	156	164	-9999	-9999	198	-9999	205	-9999
USTOOLIK	2002	MOIST	3	123	CTL	BETNAN	147	-9999	-9999	158	-9999	-9999	-9999	-9999	214	-9999
USTOOLIK	2002	MOIST	3	123	CTL	SALPUL	147	-9999	-9999	-9999	-9999	-9999	-9999	-9999	207	-9999
USTOOLIK	2002	MOIST	3	123	CTL	VACVIT	147	-9999	-9999	-9999	-9999	-9999	-9999	-9999	232	-9999
USTOOLIK	2002	MOIST	3	123	CTL	LEDDEC	147	-9999	-9999	-9999	-9999	-9999	-9999	-9999	232	-9999
USTOOLIK	2002	MOIST	3	123	CTL	ANDPOL	147	-9999	165	193	205	207	-9999	-9999	217	-9999
USTOOLIK	2002	MOIST	3	123	CTL	VACULI	147	149	161	180	182	191	-9999	-9999	219	-9999
USTOOLIK	2002	MOIST	3	123	CTL	RUBCHA	147	149	-9999	-9999	-9999	-9999	-9999	-9999	235	-9999
USTOOLIK	2002	MOIST	3	123	CTL	BISPLU	147	154	-9999	-9999	-9999	-9999	-9999	-9999	235	-9999
USTOOLIK	2002	MOIST	3	127	OTC	ERIVAG	148	149	150	151	-9999	-9999	196	-9999	203	-9999
USTOOLIK	2002	MOIST	3	127	OTC	CARBIG	148	149	-9999	-9999	-9999	-9999	-9999	-9999	203	-9999
USTOOLIK	2002	MOIST	3	127	OTC	BETNAN	148	149	151	158	-9999	-9999	214	-9999	200	238
USTOOLIK	2002	MOIST	3	127	OTC	SALPUL	148	149	-9999	-9999	-9999	-9999	-9999	-9999	214	-9999
USTOOLIK	2002	MOIST	3	127	OTC	VACVIT	148	148	163	191	205	217	-9999	-9999	203	-9999
USTOOLIK	2002	MOIST	3	127	OTC	LEDDEC	148	148	-9999	-9999	-9999	-9999	-9999	-9999	200	-9999
USTOOLIK	2002	MOIST	3	127	OTC	ANDPOL	148	148	148	189	193	196	-9999	-9999	217	-9999
USTOOLIK	2002	MOIST	3	127	OTC	VACULI	148	158	161	177	180	189	-9999	-9999	210	238
USTOOLIK	2002	MOIST	3	127	OTC	RUBCHA	148	149	168	170	177	193	-9999	-9999	207	-9999
USTOOLIK	2002	MOIST	3	129	OTC	ERIVAG	145	-9999	-9999	-9999	-9999	-9999	196	-9999	205	-9999
USTOOLIK	2002	MOIST	3	129	OTC	CARBIG	145	-9999	-9999	-9999	-9999	-9999	-9999	-9999	205	-9999
USTOOLIK	2002	MOIST	3	129	OTC	BETNAN	145	-9999	-9999	154	-9999	-9999	232	-9999	210	238
USTOOLIK	2002	MOIST	3	129	OTC	SALPUL	145	-9999	-9999	-9999	-9999	-9999	-9999	-9999	191	-9999
USTOOLIK	2002	MOIST	3	129	OTC	VACVIT	145	-9999	170	196	212	212	-9999	-9999	203	-9999
USTOOLIK	2002	MOIST	3	129	OTC	LEDDEC	145	-9999	165	177	186	196	-9999	-9999	207	-9999
USTOOLIK	2002	MOIST	3	129	OTC	ANDPOL	145	-9999	154	170	193	196	-9999	-9999	217	-9999
USTOOLIK	2002	MOIST	3	129	OTC	VACULI	145	-9999	148	161	168	177	-9999	-9999	232	235
USTOOLIK	2002	MOIST	3	129	OTC	BISPLU	145	151	-9999	-9999	-9999	-9999	-9999	-9999	207	238
USTOOLIK	2002	MOIST	4	131	OTC	ERIVAG	142	-9999	-9999	-9999	-9999	-9999	177	-9999	200	-9999
USTOOLIK	2002	MOIST	4	131	OTC	CARBIG	142	-9999	-9999	-9999	-9999	-9999	-9999	-9999	203	-9999
USTOOLIK	2002	MOIST	4	131	OTC	BETNAN	142	-9999	-9999	-9999	-9999	-9999	212	-9999	186	238
USTOOLIK	2002	MOIST	4	131	OTC	VACVIT	142	-9999	-9999	-9999	-9999	-9999	-9999	-9999	214	-9999
USTOOLIK	2002	MOIST	4	131	OTC	LEDDEC	142	-9999	149	168	172	179	-9999	-9999	205	-9999
USTOOLIK	2002	MOIST	4	131	OTC	ANDPOL	142	-9999	149	168	180	186	-9999	-9999	212	-9999
USTOOLIK	2002	MOIST	4	131	OTC	VACULI	142	-9999	151	161	165	165	-9999	-9999	212	238
USTOOLIK	2002	MOIST	4	131	OTC	RUBCHA	142	154	-9999	-9999	-9999	-9999	-9999	-9999	205	238
USTOOLIK	2002	MOIST	4	131	OTC	BISPLU	142	149	-9999	-9999	-9999	-9999	-9999	-9999	193	-9999
USTOOLIK	2002	MOIST	4	132	CTL	ERIVAG	142	-9999	149	151	-9999	-9999	170	-9999	191	-9999
USTOOLIK	2002	MOIST	4	132	CTL	CARBIG	142	-9999	-9999	-9999	-9999	-9999	189	-9999	203	-9999
USTOOLIK	2002	MOIST	4	132	CTL	BETNAN	142	-9999	-9999	-9999	-9999	-9999	-9999	-9999	175	235
USTOOLIK	2002	MOIST	4	132	CTL	SALPUL	142	-9999	-9999	-9999	-9999	-9999	-9999	-9999	210	-9999
USTOOLIK	2002	MOIST	4	132	CTL	VACVIT	142	-9999	149	168	177	179	238	-9999	203	-9999
USTOOLIK	2002	MOIST	4	132	CTL	LEDDEC	142	-9999	149	158	168	186	-9999	-9999	198	-9999
USTOOLIK	2002	MOIST	4	132	CTL	ANDPOL	142	-9999	149	161	175	191	235	-9999	210	-9999
USTOOLIK	2002	MOIST	4	132	CTL	VACULI	142	-9999	149	158	168	178	-9999	-9999	207	238
USTOOLIK	2002	MOIST	4	132	CTL	BISPLU	142	149	-9999	-9999	-9999	-9999	-9999	-9999	189	235
USTOOLIK	2002	MOIST	4	133	CTL	ERIVAG	142	-9999	-9999	-9999	-9999	-9999	177	-9999	203	-9999
USTOOLIK	2002	MOIST	4	133	CTL	CARBIG	142	-9999	149	-9999	-9999	-9999	-9999	-9999	205	-9999
USTOOLIK	2002	MOIST	4	133	CTL	BETNAN	142	-9999	-9999	-9999	-9999	-9999	214	-9999	200	238
USTOOLIK	2002	MOIST	4	133	CTL	SALPUL	142	-9999	-9999	-9999	-9999	-9999	-9999	-9999	210	-9999
USTOOLIK	2002	MOIST	4	133	CTL	VACVIT	142	-9999	163	-9999	-9999	-9999	-9999	-9999	214	-9999
USTOOLIK	2002	MOIST	4	133	CTL	LEDDEC	142	-9999	149	170	177	196	-9999	-9999	203	-9999
USTOOLIK	2002	MOIST	4	133	CTL	ANDPOL	142	-9999	-9999	-9999	-9999	-9999	-9999	-9999	221	-9999
USTOOLIK	2002	MOIST	4	133	CTL	VACULI	142	151	156	165	170	170	-9999	-9999	212	235
USTOOLIK	2002	MOIST	4	133	CTL	RUBCHA	142	154	-9999	-9999	-9999	-9999	-9999	-9999	210	238
USTOOLIK	2002	MOIST	4	133	CTL	BISPLU	142	151	-9999	-9999	-9999	-9999	-9999	-9999	203	238
USTOOLIK	2002	MOIST	4	134	CTL	ERIVAG	142	-9999	-9999	-9999	-9999	-9999	189	-9999	200	-9999
USTOOLIK	2002	MOIST	4	134	CTL	CARBIG	142	-9999	161	164	-9999	-9999	196	-9999	196	-9999
USTOOLIK	2002	MOIST	4	134	CTL	BETNAN	142	-9999	-9999	-9999	-9999	-9999	232	-9999	175	238
USTOOLIK	2002	MOIST	4	134	CTL	SALPUL	142	-9999	-9999	-9999	-9999	-9999	-9999	-9999	191	-9999
USTOOLIK	2002	MOIST	4	134	CTL	VACVIT	142	-9999	-9999	-9999	-9999	-9999	-9999	-9999	205	-9999
USTOOLIK	2002	MOIST	4	134	CTL	LEDDEC	142	-9999	-9999	-9999	-9999	-9999	-9999	-9999	200	-9999
USTOOLIK	2002	MOIST	4	134	CTL	ANDPOL	142	-9999	149	177	189	196	-9999	-9999	217	-9999
USTOOLIK	2002	MOIST	4	134	CTL	VACULI	142	-9999	156	168	172	186	-9999	-9999	214	-9999
USTOOLIK	2002	MOIST	4	134	CTL	RUBCHA	142	149	-9999	-9999	-9999	-9999	-9999	-9999	214	238
USTOOLIK	2002	MOIST	4	134	CTL	BISPLU	142	149	158	189	198	210	-9999	-9999	214	-9999
USTOOLIK	2002	MOIST	4	134	CTL	CASTET	142	-9999	-9999	-9999	-9999	-9999	-9999	-9999	207	-9999
USTOOLIK	2002	MOIST	4	135	OTC	ERIVAG	142	-9999	-9999	-9999	-9999	-9999	170	-9999	205	-9999
USTOOLIK	2002	MOIST	4	135	OTC	CARBIG	142	-9999	-9999	-9999	-9999	-9999	-9999	-9999	205	-9999
USTOOLIK	2002	MOIST	4	135	OTC	BETNAN	142	-9999	-9999	-9999	-9999	-9999	214	-9999	205	235
USTOOLIK	2002	MOIST	4	135	OTC	VACVIT	142	-9999	175	191	200	203	-9999	-9999	200	-9999
USTOOLIK	2002	MOIST	4	135	OTC	LEDDEC	142	-9999	151	168	172	191	238	-9999	198	-9999
USTOOLIK	2002	MOIST	4	135	OTC	ANDPOL	142	-9999	149	-9999	-9999	-9999	-9999	-9999	232	-9999
USTOOLIK	2002	MOIST	4	135	OTC	VACULI	142	-9999	149	158	161	177	214	-9999	214	238
USTOOLIK	2002	MOIST	4	135	OTC	BISPLU	142	154	-9999	-9999	-9999	-9999	-9999	-9999	232	238
USTOOLIK	2002	MOIST	4	136	OTC	ERIVAG	142	-9999	-9999	-9999	-9999	-9999		-9999	200	-9999
USTOOLIK	2002	MOIST	4	136	OTC	CARBIG	142	-9999	154	161	-9999	-9999	193	-9999	203	-9999
USTOOLIK	2002	MOIST	4	136	OTC	BETNAN	142	-9999	-9999	-9999	-9999	-9999	-9999	-9999	182	238
USTOOLIK	2002	MOIST	4	136	OTC	SALPUL	142	-9999	-9999	-9999	-9999	-9999	-9999	-9999	207	-9999
USTOOLIK	2002	MOIST	4	136	OTC	VACVIT	142	-9999	-9999	-9999	-9999	-9999	-9999	-9999	205	-9999
USTOOLIK	2002	MOIST	4	136	OTC	LEDDEC	142	-9999	149	165	172	182		-9999	203	-9999
USTOOLIK	2002	MOIST	4	136	OTC	ANDPOL	142	-9999	151	170	186	203		-9999	217	-9999
USTOOLIK	2002	MOIST	4	136	OTC	VACULI	142	-9999	149	158	163	172	-9999	-9999	207	235
USTOOLIK	2002	MOIST	4	136	OTC	RUBCHA	142	-9999	165	170	180	179	-9999	-9999	205	238
USTOOLIK	2002	MOIST	4	136	OTC	BISPLU	142	149	-9999	-9999	-9999	-9999	-9999	-9999	214	-9999
USTOOLIK	2002	MOIST	4	136	OTC	CASTET	142	-9999	-9999	-9999	-9999	-9999	-9999	-9999	210	-9999
USTOOLIK	2002	MOIST	5	137	OTC	ERIVAG	142	-9999	-9999	-9999	-9999	-9999	170	-9999	200	-9999
USTOOLIK	2002	MOIST	5	137	OTC	CARBIG	142	-9999	149	151	-9999	-9999	193	-9999	205	-9999
USTOOLIK	2002	MOIST	5	137	OTC	BETNAN	142	-9999	-9999	-9999	-9999	-9999	212	-9999	182	235
USTOOLIK	2002	MOIST	5	137	OTC	SALPUL	142	-9999	-9999	-9999	-9999	-9999	-9999	-9999	207	-9999
USTOOLIK	2002	MOIST	5	137	OTC	VACVIT	142	-9999	161	172	196	207	-9999	-9999	212	-9999
USTOOLIK	2002	MOIST	5	137	OTC	LEDDEC	142	-9999	149	165	170	179	238	-9999	200	-9999
USTOOLIK	2002	MOIST	5	137	OTC	ANDPOL	142	-9999	154	-9999	-9999	-9999	-9999	-9999	207	-9999
USTOOLIK	2002	MOIST	5	137	OTC	VACULI	142	-9999	149	156	168	179	-9999	-9999	207	232
USTOOLIK	2002	MOIST	5	137	OTC	RUBCHA	142	154	154	158	165	172	210	-9999	203	238
USTOOLIK	2002	MOIST	5	137	OTC	BISPLU	142	149	154	175	186	189	-9999	-9999	210	238
USTOOLIK	2002	MOIST	5	139	CTL	ERIVAG	142	-9999	-9999	-9999	-9999	-9999	175	-9999	203	-9999
USTOOLIK	2002	MOIST	5	139	CTL	CARBIG	142	-9999	-9999	-9999	-9999	-9999	-9999	-9999	205	-9999
USTOOLIK	2002	MOIST	5	139	CTL	BETNAN	142	-9999	-9999	-9999	-9999	-9999	212	-9999	186	-9999
USTOOLIK	2002	MOIST	5	139	CTL	SALPUL	142	-9999	-9999	-9999	-9999	-9999	-9999	-9999	214	-9999
USTOOLIK	2002	MOIST	5	139	CTL	VACVIT	142	-9999	161	200	203	205	-9999	-9999	212	-9999
USTOOLIK	2002	MOIST	5	139	CTL	LEDDEC	142	-9999	161	168	172	177	238	-9999	207	-9999
USTOOLIK	2002	MOIST	5	139	CTL	ANDPOL	142	-9999	158	175	182	186	-9999	-9999	207	-9999
USTOOLIK	2002	MOIST	5	139	CTL	VACULI	142	-9999	163	165	172	177	-9999	-9999	210	238
USTOOLIK	2002	MOIST	5	139	CTL	RUBCHA	142	149	198	-9999	-9999	-9999	-9999	-9999	196	238
USTOOLIK	2002	MOIST	5	139	CTL	BISPLU	142	154	-9999	-9999	-9999	-9999	-9999	-9999	210	-9999
USTOOLIK	2002	MOIST	5	141	CTL	ERIVAG	142	-9999	-9999	-9999	-9999	-9999	180	-9999	196	-9999
USTOOLIK	2002	MOIST	5	141	CTL	CARBIG	142	-9999	-9999	-9999	-9999	-9999	-9999	-9999	205	-9999
USTOOLIK	2002	MOIST	5	141	CTL	BETNAN	142	-9999	-9999	-9999	-9999	-9999	232	-9999	175	-9999
USTOOLIK	2002	MOIST	5	141	CTL	SALPUL	142	-9999	-9999	-9999	-9999	-9999	-9999	-9999	207	-9999
USTOOLIK	2002	MOIST	5	141	CTL	VACVIT	142	-9999	-9999	-9999	-9999	-9999	-9999	-9999	214	-9999
USTOOLIK	2002	MOIST	5	141	CTL	LEDDEC	142	-9999	154	177	182	186	-9999	-9999	200	-9999
USTOOLIK	2002	MOIST	5	141	CTL	ANDPOL	142	-9999	161	180	182	186	-9999	-9999	210	-9999
USTOOLIK	2002	MOIST	5	141	CTL	RUBCHA	142	151	175	-9999	-9999	-9999	-9999	-9999	214	238
USTOOLIK	2002	MOIST	5	141	CTL	BISPLU	142	154	-9999	-9999	-9999	-9999	-9999	-9999	232	-9999
USTOOLIK	2002	MOIST	5	143	OTC	ERIVAG	142	-9999	-9999	-9999	-9999	-9999	177	-9999	196	-9999
USTOOLIK	2002	MOIST	5	143	OTC	CARBIG	142	-9999	-9999	-9999	-9999	-9999	-9999	-9999	196	-9999
USTOOLIK	2002	MOIST	5	143	OTC	BETNAN	142	-9999	-9999	-9999	-9999	-9999	219	-9999	186	232
USTOOLIK	2002	MOIST	5	143	OTC	SALPUL	142	-9999	-9999	-9999	-9999	-9999	-9999	-9999	189	-9999
USTOOLIK	2002	MOIST	5	143	OTC	VACVIT	142	-9999	-9999	-9999	-9999	-9999	238	-9999	200	-9999
USTOOLIK	2002	MOIST	5	143	OTC	LEDDEC	142	-9999	154	170	172	186	-9999	-9999	200	-9999
USTOOLIK	2002	MOIST	5	143	OTC	ANDPOL	142	-9999	161	172	-9999	-9999	-9999	-9999	210	-9999
USTOOLIK	2002	MOIST	5	143	OTC	VACULI	142	-9999	149	161	168	175	-9999	-9999	219	238
USTOOLIK	2002	MOIST	5	143	OTC	RUBCHA	142	151	165	175	177	193	-9999	-9999	200	-9999
USTOOLIK	2002	MOIST	5	143	OTC	BISPLU	142	151	-9999	-9999	-9999	-9999	-9999	-9999	193	-9999
USTOOLIK	2002	MOIST	5	143	OTC	CASTET	142	-9999	-9999	-9999	-9999	-9999	-9999	-9999	210	-9999
USTOOLIK	2002	MOIST	5	145	CTL	ERIVAG	142	-9999	-9999	-9999	-9999	-9999	180	-9999	196	-9999
USTOOLIK	2002	MOIST	5	145	CTL	CARBIG	142	-9999	-9999	-9999	-9999	-9999	-9999	-9999	196	-9999
USTOOLIK	2002	MOIST	5	145	CTL	BETNAN	142	-9999	-9999	-9999	-9999	-9999	-9999	-9999	186	-9999
USTOOLIK	2002	MOIST	5	145	CTL	SALPUL	142	-9999	-9999	-9999	-9999	-9999	-9999	-9999	191	-9999
USTOOLIK	2002	MOIST	5	145	CTL	VACVIT	142	-9999	149	212	-9999	-9999	-9999	-9999	203	-9999
USTOOLIK	2002	MOIST	5	145	CTL	LEDDEC	142	-9999	-9999	-9999	-9999	-9999	-9999	-9999	200	-9999
USTOOLIK	2002	MOIST	5	145	CTL	ANDPOL	142	-9999	-9999	-9999	-9999	-9999	-9999	-9999	210	-9999
USTOOLIK	2002	MOIST	5	145	CTL	VACULI	142	-9999	158	165	170	175	-9999	-9999	210	-9999
USTOOLIK	2002	MOIST	5	145	CTL	RUBCHA	142	-9999	-9999	-9999	-9999	-9999	-9999	-9999	214	238
USTOOLIK	2002	MOIST	5	145	CTL	BISPLU	142	149	158	177	193	196	-9999	-9999	203	-9999
USTOOLIK	2002	MOIST	5	148	OTC	ERIVAG	142	-9999	-9999	-9999	-9999	-9999	175	-9999	203	-9999
USTOOLIK	2002	MOIST	5	148	OTC	CARBIG	142	-9999	-9999	-9999	-9999	-9999	-9999	-9999	203	-9999
USTOOLIK	2002	MOIST	5	148	OTC	BETNAN	142	-9999	-9999	-9999	-9999	-9999	-9999	212	182	238
USTOOLIK	2002	MOIST	5	148	OTC	SALPUL	142	-9999	-9999	-9999	-9999	-9999	-9999	-9999	232	-9999
USTOOLIK	2002	MOIST	5	148	OTC	VACVIT	142	-9999	-9999	-9999	-9999	-9999	-9999	-9999	205	-9999
USTOOLIK	2002	MOIST	5	148	OTC	LEDDEC	142	-9999	-9999	-9999	-9999	-9999	-9999	-9999	200	-9999
USTOOLIK	2002	MOIST	5	148	OTC	ANDPOL	142	-9999	149	164	172	186	-9999	-9999	205	-9999
USTOOLIK	2002	MOIST	5	148	OTC	VACULI	142	-9999	151	161	170	175	-9999	-9999	210	-9999
USTOOLIK	2002	MOIST	5	148	OTC	BISPLU	142	149	-9999	-9999	-9999	-9999	-9999	-9999	214	238
USTOOLIK	2002	MOIST	6	149	CTL	ERIVAG	142	-9999	-9999	-9999	-9999	-9999	180	-9999	205	-9999
USTOOLIK	2002	MOIST	6	149	CTL	CARBIG	142	-9999	154	-9999	-9999	-9999	-9999	-9999	205	-9999
USTOOLIK	2002	MOIST	6	149	CTL	BETNAN	142	-9999	-9999	149	-9999	-9999	212	-9999	193	238
USTOOLIK	2002	MOIST	6	149	CTL	SALPUL	142	-9999	-9999	-9999	-9999	-9999	-9999	-9999	207	-9999
USTOOLIK	2002	MOIST	6	149	CTL	VACVIT	142	-9999	198	-9999	-9999	-9999	-9999	-9999	203	-9999
USTOOLIK	2002	MOIST	6	149	CTL	LEDDEC	142	-9999	-9999	-9999	-9999	-9999	-9999	-9999	203	-9999
USTOOLIK	2002	MOIST	6	149	CTL	ANDPOL	142	-9999	154	-9999	-9999	-9999	-9999	-9999	210	-9999
USTOOLIK	2002	MOIST	6	149	CTL	VACULI	142	-9999	149	161	170	177	-9999	-9999	207	238
USTOOLIK	2002	MOIST	6	149	CTL	RUBCHA	142	154	-9999	-9999	-9999	-9999	-9999	-9999	207	232
USTOOLIK	2002	MOIST	6	149	CTL	BISPLU	142	-9999	-9999	-9999	-9999	-9999	-9999	-9999	-9999	-9999
USTOOLIK	2002	MOIST	6	150	CTL	ERIVAG	142	-9999	-9999	-9999	-9999	-9999	177	-9999	203	-9999
USTOOLIK	2002	MOIST	6	150	CTL	CARBIG	142	-9999	-9999	-9999	-9999	-9999	-9999	-9999	207	-9999
USTOOLIK	2002	MOIST	6	150	CTL	BETNAN	142	-9999	-9999	-9999	-9999	-9999	210	-9999	186	235
USTOOLIK	2002	MOIST	6	150	CTL	SALPUL	142	-9999	-9999	-9999	-9999	-9999	-9999	-9999	210	-9999
USTOOLIK	2002	MOIST	6	150	CTL	VACVIT	142	-9999	158	-9999	-9999	-9999	-9999	-9999	200	-9999
USTOOLIK	2002	MOIST	6	150	CTL	LEDDEC	142	-9999	149	170	180	186	238	-9999	207	-9999
USTOOLIK	2002	MOIST	6	150	CTL	ANDPOL	142	-9999	149	168	186	193	-9999	-9999	210	-9999
USTOOLIK	2002	MOIST	6	150	CTL	VACULI	142	-9999	149	161	170	170	-9999	-9999	212	238
USTOOLIK	2002	MOIST	6	150	CTL	RUBCHA	142	-9999	168	175	180	179	-9999	-9999	205	235
USTOOLIK	2002	MOIST	6	150	CTL	BISPLU	142	156	-9999	-9999	-9999	-9999	-9999	-9999	214	232
USTOOLIK	2002	MOIST	6	151	OTC	ERIVAG	142	-9999	-9999	-9999	-9999	-9999	177	-9999	196	-9999
USTOOLIK	2002	MOIST	6	151	OTC	CARBIG	142	-9999	-9999	-9999	-9999	-9999	-9999	-9999	205	-9999
USTOOLIK	2002	MOIST	6	151	OTC	BETNAN	142	-9999	-9999	-9999	-9999	-9999	207	-9999	182	235
USTOOLIK	2002	MOIST	6	151	OTC	SALPUL	142	-9999	-9999	-9999	-9999	-9999	-9999	-9999	-9999	-9999
USTOOLIK	2002	MOIST	6	151	OTC	VACVIT	142	-9999	149	177	191	210	-9999	-9999	200	-9999
USTOOLIK	2002	MOIST	6	151	OTC	LEDDEC	142	-9999	149	164	170	186	-9999	-9999	198	-9999
USTOOLIK	2002	MOIST	6	151	OTC	ANDPOL	142	-9999	149	168	-9999	-9999	-9999	-9999	210	-9999
USTOOLIK	2002	MOIST	6	151	OTC	VACULI	142	-9999	151	161	172	177	-9999	-9999	205	235
USTOOLIK	2002	MOIST	6	151	OTC	RUBCHA	142	-9999	158	168	168	179	210	-9999	210	238
USTOOLIK	2002	MOIST	6	151	OTC	BISPLU	142	154	-9999	-9999	-9999	-9999	-9999	-9999	214	238
USTOOLIK	2002	MOIST	6	152	OTC	ERIVAG	142	-9999	-9999	-9999	-9999	-9999	177	-9999	196	-9999
USTOOLIK	2002	MOIST	6	152	OTC	CARBIG	142	-9999	-9999	149	-9999	-9999	193	-9999	196	-9999
USTOOLIK	2002	MOIST	6	152	OTC	BETNAN	142	-9999	-9999	-9999	-9999	-9999	221	-9999	186	232
USTOOLIK	2002	MOIST	6	152	OTC	VACVIT	142	-9999	154	189	200	205	-9999	-9999	200	-9999
USTOOLIK	2002	MOIST	6	152	OTC	LEDDEC	142	-9999	149	168	172	186	238	-9999	191	-9999
USTOOLIK	2002	MOIST	6	152	OTC	ANDPOL	142	-9999	149	164	177	189	-9999	-9999	198	-9999
USTOOLIK	2002	MOIST	6	152	OTC	VACULI	142	149	151	158	168	179	-9999	-9999	207	232
USTOOLIK	2002	MOIST	6	152	OTC	RUBCHA	142	151	161	164	168	179	210	-9999	203	238
USTOOLIK	2002	MOIST	6	152	OTC	BISPLU	142	154	-9999	-9999	-9999	-9999	-9999	-9999	203	238
USTOOLIK	2002	MOIST	6	152	OTC	CASTET	142	-9999	149	158	165	168		-9999	205	235
USTOOLIK	2002	MOIST	6	153	CTL	ERIVAG	142	-9999	-9999	-9999	-9999	-9999	177	-9999	196	-9999
USTOOLIK	2002	MOIST	6	153	CTL	CARBIG	142	-9999	154	164	-9999	-9999	210	-9999	205	-9999
USTOOLIK	2002	MOIST	6	153	CTL	BETNAN	142	-9999	-9999	-9999	-9999	-9999	214	-9999	186	235
USTOOLIK	2002	MOIST	6	153	CTL	SALPUL	142	-9999	-9999	-9999	-9999	-9999	180	-9999	210	-9999
USTOOLIK	2002	MOIST	6	153	CTL	VACVIT	142	-9999	158	196	203	205	-9999	-9999	200	-9999
USTOOLIK	2002	MOIST	6	153	CTL	LEDDEC	142	-9999	-9999	-9999	-9999	-9999	-9999	-9999	210	-9999
USTOOLIK	2002	MOIST	6	153	CTL	ANDPOL	142	-9999	149	177	186	189	238	-9999	217	-9999
USTOOLIK	2002	MOIST	6	153	CTL	VACULI	142	151	163	-9999	-9999	-9999	-9999	-9999	214	235
USTOOLIK	2002	MOIST	6	153	CTL	RUBCHA	142	-9999	161	172	180	-9999	-9999	-9999	210	232
USTOOLIK	2002	MOIST	6	153	CTL	BISPLU	142	154	-9999	-9999	-9999	-9999	-9999	-9999	207	238
USTOOLIK	2002	MOIST	6	153	CTL	CASTET	142	-9999	-9999	-9999	-9999	-9999	-9999	-9999	210	-9999
USTOOLIK	2002	MOIST	6	154	OTC	ERIVAG	142	-9999	-9999	-9999	-9999	-9999	177	-9999	196	-9999
USTOOLIK	2002	MOIST	6	154	OTC	CARBIG	142	-9999	149	151	-9999	-9999	200	-9999	205	-9999
USTOOLIK	2002	MOIST	6	154	OTC	BETNAN	142	-9999	-9999	-9999	-9999	-9999	232	-9999	186	235
USTOOLIK	2002	MOIST	6	154	OTC	VACVIT	142	-9999	149	156	196	196	-9999	-9999	200	-9999
USTOOLIK	2002	MOIST	6	154	OTC	LEDDEC	142	-9999	149	168	172	186	-9999	-9999	200	-9999
USTOOLIK	2002	MOIST	6	154	OTC	CASTET	142	-9999	149	-9999	-9999	-9999	-9999	-9999	207	-9999
USTOOLIK	2002	SNOWFLD	.	182	CTL	ERIVAG	142	-9999	-9999	151	-9999	-9999	200	-9999	205	-9999
USTOOLIK	2002	SNOWFLD	.	182	CTL	CARBIG	142	-9999	154	158	-9999	-9999	193	-9999	205	-9999
USTOOLIK	2002	SNOWFLD	.	182	CTL	SALRET	142	154	161	165	-9999	-9999	210	-9999	217	-9999
USTOOLIK	2002	SNOWFLD	.	182	CTL	PYRGRA	142	-9999	158	-9999	-9999	-9999	-9999	-9999	207	-9999
USTOOLIK	2002	SNOWFLD	.	182	CTL	LEDDEC	142	-9999	-9999	-9999	-9999	-9999	-9999	-9999	191	-9999
USTOOLIK	2002	SNOWFLD	.	182	CTL	VACVIT	142	-9999	161	191	203	207	-9999	-9999	212	-9999
USTOOLIK	2002	SNOWFLD	.	182	CTL	CASTET	142	-9999	149	168	172	179	235	-9999	191	-9999
USTOOLIK	2002	SNOWFLD	.	182	CTL	EMPNIG	142	-9999	154	158	-9999	-9999	221	-9999	191	-9999
USTOOLIK	2002	SNOWFLD	.	182	CTL	ANDPOL	142	-9999	165	-9999	-9999	-9999	-9999	-9999	210	-9999
USTOOLIK	2002	SNOWFLD	.	182	CTL	BISPLU	142	151	165	193	203	207	-9999	-9999	205	235
USTOOLIK	2002	SNOWFLD	.	183	OTC	ERIVAG	142	-9999	-9999	-9999	-9999	-9999	186	-9999	207	-9999
USTOOLIK	2002	SNOWFLD	.	183	OTC	CARBIG	142	-9999	156	161	-9999	-9999	200	-9999	205	-9999
USTOOLIK	2002	SNOWFLD	.	183	OTC	SALRET	142	154	161	168	-9999	-9999	221	-9999	217	-9999
USTOOLIK	2002	SNOWFLD	.	183	OTC	PYRGRA	142	-9999	161	-9999	-9999	-9999	-9999	-9999	207	-9999
USTOOLIK	2002	SNOWFLD	.	183	OTC	LEDDEC	142	-9999	158	170	180	186	210	-9999	212	-9999
USTOOLIK	2002	SNOWFLD	.	183	OTC	VACVIT	142	-9999	170	156	193	203	-9999	-9999	212	-9999
USTOOLIK	2002	SNOWFLD	.	183	OTC	CASTET	142	-9999	151	165	168	186	-9999	-9999	207	-9999
USTOOLIK	2002	SNOWFLD	.	183	OTC	EMPNIG	142	-9999	156	161	-9999	-9999	221	-9999	207	238
USTOOLIK	2002	SNOWFLD	.	183	OTC	ANDPOL	142	-9999	161	177	186	189	235	-9999	214	-9999
USTOOLIK	2002	SNOWFLD	.	183	OTC	RUBCHA	142	156	168	177	186	186	-9999	-9999	205	238
USTOOLIK	2002	SNOWFLD	.	183	OTC	BISPLU	142	151	-9999	-9999	-9999	-9999	-9999	-9999	207	-9999
USTOOLIK	2002	SNOWFLD	.	184	CTL	ERIVAG	142	-9999	-9999	156	-9999	-9999	-9999	-9999	203	-9999
USTOOLIK	2002	SNOWFLD	.	184	CTL	CARBIG	142	-9999	154	161	-9999	-9999	200	-9999	207	-9999
USTOOLIK	2002	SNOWFLD	.	184	CTL	SALRET	142	154	161	168	-9999	-9999	221	-9999	210	238
USTOOLIK	2002	SNOWFLD	.	184	CTL	PYRGRA	142	-9999	158	189	200	207	-9999	-9999	210	-9999
USTOOLIK	2002	SNOWFLD	.	184	CTL	LEDDEC	142	-9999	-9999	-9999	-9999	-9999	-9999	-9999	210	-9999
USTOOLIK	2002	SNOWFLD	.	184	CTL	VACVIT	142	-9999	-9999	-9999	-9999	-9999	-9999	-9999	212	-9999
USTOOLIK	2002	SNOWFLD	.	184	CTL	CASTET	142	-9999	156	177	180	186	-9999	-9999	207	-9999
USTOOLIK	2002	SNOWFLD	.	184	CTL	EMPNIG	142	-9999	161	170	-9999	-9999	-9999	-9999	210	-9999
USTOOLIK	2002	SNOWFLD	.	184	CTL	ANDPOL	142	-9999	189	200	203	205	-9999	-9999	207	-9999
USTOOLIK	2002	SNOWFLD	.	184	CTL	RUBCHA	142	-9999	-9999	-9999	-9999	-9999	-9999	-9999	207	221
USTOOLIK	2002	SNOWFLD	.	184	CTL	POLVIV	142	149	189	200	205	210	-9999	-9999	203	235
USTOOLIK	2002	SNOWFLD	.	185	OTC	ERIVAG	142	-9999	-9999	-9999	-9999	-9999	189	-9999	205	-9999
USTOOLIK	2002	SNOWFLD	.	185	OTC	CARBIG	142	-9999	156	158	-9999	-9999	193	-9999	203	-9999
USTOOLIK	2002	SNOWFLD	.	185	OTC	SALRET	142	154	158	165	-9999	-9999	219	-9999	207	238
USTOOLIK	2002	SNOWFLD	.	185	OTC	PYRGRA	142	-9999	161	-9999	-9999	-9999	-9999	-9999	214	-9999
USTOOLIK	2002	SNOWFLD	.	185	OTC	LEDDEC	142	-9999	-9999	-9999	-9999	-9999	-9999	-9999	191	-9999
USTOOLIK	2002	SNOWFLD	.	185	OTC	VACVIT	142	-9999	165	189	203	205	-9999	-9999	212	-9999
USTOOLIK	2002	SNOWFLD	.	185	OTC	CASTET	142	-9999	151	165	168	186	-9999	-9999	191	-9999
USTOOLIK	2002	SNOWFLD	.	185	OTC	ANDPOL	142	-9999	-9999	-9999	-9999	-9999	-9999	-9999	212	-9999
USTOOLIK	2002	SNOWFLD	.	185	OTC	RUBCHA	142	149	161	168	175	179	-9999	-9999	191	235
USTOOLIK	2002	SNOWFLD	.	185	OTC	BISPLU	142	156	-9999	-9999	-9999	-9999	-9999	-9999	232	238
USTOOLIK	2002	SNOWFLD	.	186	CTL	ERIVAG	142	-9999	-9999	151	-9999	-9999	-9999	-9999	205	-9999
USTOOLIK	2002	SNOWFLD	.	186	CTL	CARBIG	142	-9999	156	161	-9999	-9999	193	-9999	205	-9999
USTOOLIK	2002	SNOWFLD	.	186	CTL	SALRET	142	151	161	177	-9999	-9999	232	-9999	210	-9999
USTOOLIK	2002	SNOWFLD	.	186	CTL	PYRGRA	142	-9999	-9999	-9999	-9999	-9999	-9999	-9999	210	-9999
USTOOLIK	2002	SNOWFLD	.	186	CTL	LEDDEC	142	-9999	-9999	-9999	-9999	-9999	-9999	-9999	191	-9999
USTOOLIK	2002	SNOWFLD	.	186	CTL	VACVIT	142	-9999	-9999	-9999	-9999	-9999	-9999	-9999	212	-9999
USTOOLIK	2002	SNOWFLD	.	186	CTL	CASTET	142	-9999	165	168	175	179	-9999	-9999	191	-9999
USTOOLIK	2002	SNOWFLD	.	186	CTL	ANDPOL	142	-9999	177	-9999	-9999	-9999	-9999	-9999	217	-9999
USTOOLIK	2002	SNOWFLD	.	186	CTL	RUBCHA	142	151	165	170	175	191	-9999	-9999	191	235
USTOOLIK	2002	SNOWFLD	.	186	CTL	BISPLU	142	149	161	189	203	207	221	-9999	205	238
USTOOLIK	2002	SNOWFLD	.	187	OTC	ERIVAG	142	-9999	-9999	154	-9999	-9999	189	-9999	207	-9999
USTOOLIK	2002	SNOWFLD	.	187	OTC	CARBIG	142	151	156	161	-9999	-9999	193	-9999	205	-9999
USTOOLIK	2002	SNOWFLD	.	187	OTC	SALRET	142	151	158	161	-9999	-9999	-9999	-9999	210	238
USTOOLIK	2002	SNOWFLD	.	187	OTC	PYRGRA	142	-9999	-9999	-9999	-9999	-9999	-9999	-9999	210	-9999
USTOOLIK	2002	SNOWFLD	.	187	OTC	LEDDEC	142	-9999	156	180	186	198	238	-9999	215	-9999
USTOOLIK	2002	SNOWFLD	.	187	OTC	VACVIT	142	-9999	165	156	193	203	-9999	-9999	205	-9999
USTOOLIK	2002	SNOWFLD	.	187	OTC	CASTET	142	-9999	151	165	177	179	-9999	-9999	191	-9999
USTOOLIK	2002	SNOWFLD	.	187	OTC	ANDPOL	142	-9999	149	-9999	-9999	-9999	-9999	-9999	219	-9999
USTOOLIK	2002	SNOWFLD	.	187	OTC	RUBCHA	142	149	168	172	180	186	-9999	-9999	191	238
USTOOLIK	2002	SNOWFLD	.	187	OTC	BISPLU	142	156	-9999	-9999	-9999	-9999	-9999	-9999	210	-9999
USTOOLIK	2002	SNOWFLD	.	188	CTL	ERIVAG	142	-9999	-9999	-9999	-9999	-9999	-9999	-9999	203	-9999
USTOOLIK	2002	SNOWFLD	.	188	CTL	CARBIG	142	149	154	161	-9999	-9999	193	-9999	203	-9999
USTOOLIK	2002	SNOWFLD	.	188	CTL	SALRET	142	154	165	170	-9999	-9999	221	-9999	210	-9999
USTOOLIK	2002	SNOWFLD	.	188	CTL	PYRGRA	142	-9999	165	-9999	-9999	-9999	-9999	-9999	210	-9999
USTOOLIK	2002	SNOWFLD	.	188	CTL	LEDDEC	142	-9999	-9999	-9999	-9999	-9999	-9999	-9999	207	-9999
USTOOLIK	2002	SNOWFLD	.	188	CTL	VACVIT	142	-9999	165	196	200	210	-9999	-9999	212	-9999
USTOOLIK	2002	SNOWFLD	.	188	CTL	CASTET	142	-9999	151	168	172	191	-9999	-9999	191	-9999
USTOOLIK	2002	SNOWFLD	.	188	CTL	ANDPOL	142	-9999	168	182	203	205	238	-9999	212	-9999
USTOOLIK	2002	SNOWFLD	.	188	CTL	RUBCHA	142	151	170	177	177	186	-9999	-9999	191	238
USTOOLIK	2002	SNOWFLD	.	188	CTL	POLVIV	142	151	-9999	-9999	-9999	-9999	-9999	-9999	207	238
USTOOLIK	2002	SNOWFLD	.	189	CTL	CARBIG	142	-9999	154	161	-9999	-9999	189	-9999	205	-9999
USTOOLIK	2002	SNOWFLD	.	189	CTL	SALRET	142	154	163	170	-9999	-9999	219	-9999	217	-9999
USTOOLIK	2002	SNOWFLD	.	189	CTL	PYRGRA	142	-9999	-9999	-9999	-9999	-9999	-9999	-9999	210	-9999
USTOOLIK	2002	SNOWFLD	.	189	CTL	LEDDEC	142	-9999	-9999	-9999	-9999	-9999	-9999	-9999	191	-9999
USTOOLIK	2002	SNOWFLD	.	189	CTL	VACVIT	142	-9999	170	198	203	203	-9999	-9999	212	-9999
USTOOLIK	2002	SNOWFLD	.	189	CTL	CASTET	142	-9999	151	168	175	189	-9999	-9999	191	-9999
USTOOLIK	2002	SNOWFLD	.	189	CTL	ANDPOL	142	-9999	158	168	189	190	238	-9999	212	-9999
USTOOLIK	2002	SNOWFLD	.	189	CTL	RUBCHA	142	156	170	180	186	189	-9999	-9999	191	235
USTOOLIK	2002	SNOWFLD	.	189	CTL	BISPLU	142	154	154	191	203	207	-9999	-9999	205	232
USTOOLIK	2002	SNOWFLD	.	190	OTC	CARBIG	142	-9999	154	158	-9999	-9999	191	-9999	203	-9999
USTOOLIK	2002	SNOWFLD	.	190	OTC	SALRET	142	154	165	168	-9999	-9999	-9999	-9999	217	-9999
USTOOLIK	2002	SNOWFLD	.	190	OTC	PYRGRA	142	-9999	-9999	-9999	-9999	-9999	-9999	-9999	210	238
USTOOLIK	2002	SNOWFLD	.	190	OTC	LEDDEC	142	-9999	-9999	-9999	-9999	-9999	-9999	-9999	207	-9999
USTOOLIK	2002	SNOWFLD	.	190	OTC	VACVIT	142	-9999	163	182	193	205	238	-9999	212	-9999
USTOOLIK	2002	SNOWFLD	.	190	OTC	CASTET	142	-9999	151	161	170	179	-9999	-9999	191	-9999
USTOOLIK	2002	SNOWFLD	.	190	OTC	EMPNIG	142	-9999	156	156	-9999	-9999	232	-9999	191	-9999
USTOOLIK	2002	SNOWFLD	.	190	OTC	ANDPOL	142	-9999	154	165	177	198	-9999	-9999	207	-9999
USTOOLIK	2002	SNOWFLD	.	190	OTC	RUBCHA	142	154	168	170	170	186	-9999	-9999	191	235
USTOOLIK	2002	SNOWFLD	.	190	OTC	BISPLU	142	154	175	180	189	203	-9999	-9999	203	235
USTOOLIK	2002	SNOWFLD	.	191	OTC	ERIVAG	142	-9999	-9999	-9999	-9999	-9999	-9999	-9999	203	-9999
USTOOLIK	2002	SNOWFLD	.	191	OTC	CARBIG	142	-9999	156	161	-9999	-9999	198	-9999	203	-9999
USTOOLIK	2002	SNOWFLD	.	191	OTC	SALRET	142	151	163	168	-9999	-9999	-9999	-9999	221	238
USTOOLIK	2002	SNOWFLD	.	191	OTC	PYRGRA	142	-9999	-9999	-9999	-9999	-9999	-9999	-9999	210	-9999
USTOOLIK	2002	SNOWFLD	.	191	OTC	LEDDEC	142	-9999	-9999	-9999	-9999	-9999	-9999	-9999	210	-9999
USTOOLIK	2002	SNOWFLD	.	191	OTC	VACVIT	142	-9999	163	189	200	207	-9999	-9999	212	-9999
USTOOLIK	2002	SNOWFLD	.	191	OTC	CASTET	142	-9999	151	164	168	186	-9999	-9999	207	-9999
USTOOLIK	2002	SNOWFLD	.	191	OTC	EMPNIG	142	-9999	154	156	-9999	-9999	221	-9999	207	-9999
USTOOLIK	2002	SNOWFLD	.	191	OTC	ANDPOL	142	-9999	158	-9999	-9999	-9999	-9999	-9999	235	-9999
USTOOLIK	2002	SNOWFLD	.	191	OTC	RUBCHA	142	154	156	168	170	179	-9999	-9999	207	238
USTOOLIK	2002	SNOWFLD	.	191	OTC	BISPLU	142	151	168	177	-9999	205	-9999	-9999	207	238